Num.of.Individuals	Num.of.Markers	Type	accuracy	SD	misclassification	FST	jittered_x
10	10	T	0.8	0	0.2	0.01	9.93514461084269
10	20	T	0.8	0	0.2	0.01	19.7756100745872
10	30	T	0.85	0	0.15	0.01	29.9067678503226
10	40	T	0.8	0	0.2	0.01	40.1772976793349
10	50	T	0.75	0	0.25	0.01	49.8176093032118
10	60	T	0.7	0	0.3	0.01	59.9908296491951
10	70	T	0.75	0	0.25	0.01	70.2886101374403
10	80	T	0.7	0	0.3	0.01	79.756559321424
10	90	T	0.75	0	0.25	0.01	90.2116528107785
10	100	T	0.7	0	0.3	0.01	100.248291399376
20	10	T	0.8	0	0.2	0.01	10.0536310627591
20	20	T	0.825	0	0.175	0.01	20.2758325720206
20	30	T	0.8	0	0.2	0.01	29.8096323612146
20	40	T	0.775	0	0.225	0.01	39.8168488983531
20	50	T	0.75	0	0.25	0.01	50.2737485588994
20	60	T	0.725	0	0.275	0.01	59.8668044894468
20	70	T	0.75	0	0.25	0.01	70.0235371613875
20	80	T	0.725	0	0.275	0.01	80.0334023507312
20	90	T	0.75	0	0.25	0.01	90.1722216180526
20	100	T	0.725	0	0.275	0.01	99.8186757183634
30	10	T	0.783333333333333	0	0.216666666666667	0.01	10.0888611908536
30	20	T	0.8	0	0.2	0.01	19.9535032575484
30	30	T	0.766666666666667	0	0.233333333333333	0.01	30.1065126875415
30	40	T	0.733333333333333	0	0.266666666666667	0.01	40.2101600096095
30	50	T	0.733333333333333	0	0.266666666666667	0.01	50.1146371888928
30	60	T	0.7	0	0.3	0.01	59.8977739620488
30	70	T	0.7	0	0.3	0.01	69.7530837624799
30	80	T	0.683333333333333	0	0.316666666666667	0.01	79.8939095759764
30	90	T	0.7	0	0.3	0.01	89.878301096661
30	100	T	0.666666666666667	0	0.333333333333333	0.01	99.9130371508189
40	10	T	0.775	0	0.225	0.01	9.78673518747091
40	20	T	0.7875	0	0.2125	0.01	20.0182431567926
40	30	T	0.75	0	0.25	0.01	30.2755417947192
40	40	T	0.725	0	0.275	0.01	40.2577757526189
40	50	T	0.75	0	0.25	0.01	49.913590483414
40	60	T	0.725	0	0.275	0.01	59.9415134569164
40	70	T	0.7125	0	0.2875	0.01	70.1676322725136
40	80	T	0.7	0	0.3	0.01	79.9591047713999
40	90	T	0.7125	0	0.2875	0.01	89.8186266653705
40	100	T	0.675	0	0.325	0.01	100.119034514111
50	10	T	0.75	0	0.25	0.01	10.2845589285251
50	20	T	0.75	0	0.25	0.01	19.7743804886471
50	30	T	0.75	0	0.25	0.01	29.9289019851945
50	40	T	0.73	0	0.27	0.01	40.2337407724001
50	50	T	0.75	0	0.25	0.01	49.9992111686151
50	60	T	0.72	0	0.28	0.01	60.2411712556612
50	70	T	0.72	0	0.28	0.01	69.9197425713763
50	80	T	0.71	0	0.29	0.01	80.2438457579352
50	90	T	0.72	0	0.28	0.01	90.2431075318716
50	100	T	0.69	0	0.31	0.01	100.035888721189
10	10	R	0.5725	0.112945026217928	0.4275	0.01	9.79257547492161
10	20	R	0.625	0.13228756555323	0.375	0.01	20.0681997407228
10	30	R	0.64	0.15183093090325	0.36	0.01	30.120797105832
10	40	R	0.6575	0.132063581178477	0.3425	0.01	40.1770920670591
10	50	R	0.6525	0.134237613365648	0.3475	0.01	50.0386385566555
10	60	R	0.665	0.133869535860774	0.335	0.01	60.164826424839
10	70	R	0.695	0.120197206377905	0.305	0.01	69.7394441226497
10	80	R	0.6975	0.124049014082083	0.3025	0.01	79.7860781351104
10	90	R	0.705	0.124498995979887	0.295	0.01	89.7064861783292
10	100	R	0.725	0.115279979546366	0.275	0.01	99.8343895535916
20	10	R	0.55875	0.110702006352759	0.44125	0.01	10.2517816272099
20	20	R	0.6275	0.100295615688403	0.3725	0.01	19.7897488693241
20	30	R	0.65	0.0990082399548006	0.35	0.01	30.1954801135696
20	40	R	0.67375	0.0954473539100014	0.32625	0.01	40.1127124157269
20	50	R	0.67375	0.089763944819029	0.32625	0.01	50.2121990173589
20	60	R	0.6925	0.0862600108606776	0.3075	0.01	59.9197350543458
20	70	R	0.70375	0.0859448262427398	0.29625	0.01	70.1238058072981
20	80	R	0.71375	0.0848663810444333	0.28625	0.01	80.198344095191
20	90	R	0.7225	0.0810701450661872	0.2775	0.01	90.253174605919
20	100	R	0.74375	0.07339286857655	0.25625	0.01	100.141273959354
30	10	R	0.561666666666667	0.0705243518972441	0.438333333333333	0.01	9.75975640490651
30	20	R	0.62	0.0767771895949915	0.38	0.01	19.7697150899097
30	30	R	0.646666666666667	0.0779113306175454	0.353333333333333	0.01	29.8097010672558
30	40	R	0.674166666666667	0.0734438959203093	0.325833333333333	0.01	40.1057794621214
30	50	R	0.671666666666667	0.0761078028904969	0.328333333333333	0.01	50.2978391709272
30	60	R	0.694166666666667	0.072804111123557	0.305833333333333	0.01	60.295677377237
30	70	R	0.7025	0.0745895199825556	0.2975	0.01	70.0305954081006
30	80	R	0.7125	0.0723205583350594	0.2875	0.01	79.9019924171735
30	90	R	0.720833333333333	0.0675110993690052	0.279166666666667	0.01	89.7859434943646
30	100	R	0.740833333333333	0.0605711123318931	0.259166666666667	0.01	99.8312799287029
40	10	R	0.565	0.0740732212426539	0.435	0.01	10.0743714159355
40	20	R	0.62125	0.0636215165523508	0.37875	0.01	19.7130429078359
40	30	R	0.64625	0.0677529373999075	0.35375	0.01	30.0652170756832
40	40	R	0.673125	0.0721241391447303	0.326875	0.01	39.8335317866411
40	50	R	0.67625	0.06550662883291	0.32375	0.01	49.9309515714645
40	60	R	0.698125	0.0627331178800111	0.301875	0.01	60.0917176974937
40	70	R	0.705	0.0705243518972441	0.295	0.01	69.8989743596874
40	80	R	0.718125	0.0704164071416374	0.281875	0.01	80.1833218996879
40	90	R	0.729375	0.0628640711962598	0.270625	0.01	90.2245048248209
40	100	R	0.745625	0.061274162795715	0.254375	0.01	99.910033084685
50	10	R	0.567	0.0707181209562227	0.433	0.01	10.027155904891
50	20	R	0.62	0.0631622805494745	0.38	0.01	19.8675512295682
50	30	R	0.649	0.0599912274288587	0.351	0.01	30.0480600203387
50	40	R	0.6745	0.0578996409406192	0.3255	0.01	39.7173320309259
50	50	R	0.678	0.0596127856296476	0.322	0.01	49.7675788079388
50	60	R	0.6975	0.0523022591843744	0.3025	0.01	60.2757515994832
50	70	R	0.7085	0.0568724334296549	0.2915	0.01	70.0116563601419
50	80	R	0.725	0.0588038666827455	0.275	0.01	79.907729217317
50	90	R	0.735	0.0530640129813437	0.265	0.01	90.0993587428238
50	100	R	0.7485	0.0510185724696616	0.2515	0.01	100.083160074428
10	10	T	0.5	0	0.5	0.02	9.75494028697722
10	20	T	0.55	0	0.45	0.02	19.8338023356162
10	30	T	0.65	0	0.35	0.02	29.9159038175829
10	40	T	0.5	0	0.5	0.02	40.1461929951794
10	50	T	0.5	0	0.5	0.02	50.1133087857626
10	60	T	0.55	0	0.45	0.02	60.2498692282476
10	70	T	0.55	0	0.45	0.02	70.0546267030761
10	80	T	0.55	0	0.45	0.02	79.9214969358407
10	90	T	0.6	0	0.4	0.02	90.2151526367292
10	100	T	0.6	0	0.4	0.02	99.7993345906492
20	10	T	0.625	0	0.375	0.02	9.8531172464136
20	20	T	0.625	0	0.375	0.02	19.7455040450208
20	30	T	0.7	0	0.3	0.02	30.1876231307164
20	40	T	0.6	0	0.4	0.02	40.2497305979952
20	50	T	0.625	0	0.375	0.02	50.1970196233131
20	60	T	0.65	0	0.35	0.02	60.0821247747168
20	70	T	0.6	0	0.4	0.02	70.0629038488027
20	80	T	0.6	0	0.4	0.02	79.7456109900027
20	90	T	0.625	0	0.375	0.02	89.8802657618187
20	100	T	0.625	0	0.375	0.02	100.061445163656
30	10	T	0.616666666666667	0	0.383333333333333	0.02	9.83954136548564
30	20	T	0.65	0	0.35	0.02	19.9207161746919
30	30	T	0.716666666666667	0	0.283333333333333	0.02	30.1901743956842
30	40	T	0.65	0	0.35	0.02	40.012639859831
30	50	T	0.65	0	0.35	0.02	49.707234112313
30	60	T	0.666666666666667	0	0.333333333333333	0.02	60.0891855619848
30	70	T	0.633333333333333	0	0.366666666666667	0.02	70.2659144388046
30	80	T	0.616666666666667	0	0.383333333333333	0.02	79.7265769542661
30	90	T	0.683333333333333	0	0.316666666666667	0.02	89.9483271519653
30	100	T	0.65	0	0.35	0.02	100.051861608215
40	10	T	0.6125	0	0.3875	0.02	10.2755232248921
40	20	T	0.6375	0	0.3625	0.02	19.9575905427337
40	30	T	0.6875	0	0.3125	0.02	29.7282265889458
40	40	T	0.6375	0	0.3625	0.02	40.2090224300046
40	50	T	0.625	0	0.375	0.02	49.7650988807902
40	60	T	0.6375	0	0.3625	0.02	60.2795579753816
40	70	T	0.6125	0	0.3875	0.02	69.841356394114
40	80	T	0.5875	0	0.4125	0.02	79.8166771780234
40	90	T	0.6625	0	0.3375	0.02	90.175738145085
40	100	T	0.6375	0	0.3625	0.02	99.8843531594612
50	10	T	0.63	0	0.37	0.02	9.72334684454836
50	20	T	0.65	0	0.35	0.02	19.968980588438
50	30	T	0.68	0	0.32	0.02	29.7756099330727
50	40	T	0.66	0	0.34	0.02	39.8607889675535
50	50	T	0.65	0	0.35	0.02	49.9714964116458
50	60	T	0.65	0	0.35	0.02	59.8537751316559
50	70	T	0.63	0	0.37	0.02	69.7049862121698
50	80	T	0.6	0	0.4	0.02	80.0246379124466
50	90	T	0.66	0	0.34	0.02	89.7861005860381
50	100	T	0.65	0	0.35	0.02	99.8689888282213
10	10	R	0.5925	0.135019491770243	0.4075	0.02	10.1676717866212
10	20	R	0.6525	0.126152580965316	0.3475	0.02	19.7052564971149
10	30	R	0.6775	0.138102745885274	0.3225	0.02	29.713657387672
10	40	R	0.695	0.0887041208323017	0.305	0.02	40.0485197903588
10	50	R	0.7125	0.103713928415466	0.2875	0.02	50.2160152355675
10	60	R	0.7425	0.0799259525732215	0.2575	0.02	60.0392110245768
10	70	R	0.7525	0.0910104100465551	0.2475	0.02	70.2551869682968
10	80	R	0.7775	0.0910104100465551	0.2225	0.02	80.0869646198582
10	90	R	0.785	0.0670820393249937	0.215	0.02	89.8484660520684
10	100	R	0.7975	0.0638151112280832	0.2025	0.02	100.079360650061
20	10	R	0.58375	0.0964075095349778	0.41625	0.02	9.77604829794727
20	20	R	0.63125	0.0992985265168676	0.36875	0.02	19.8753563151695
20	30	R	0.665	0.102405283580796	0.335	0.02	29.971965432493
20	40	R	0.68625	0.090129658066354	0.31375	0.02	40.283269414492
20	50	R	0.705	0.0905393197514352	0.295	0.02	49.8686320284847
20	60	R	0.7275	0.0769056154270319	0.2725	0.02	60.1043881515507
20	70	R	0.72625	0.0775763630577198	0.27375	0.02	69.9124850702006
20	80	R	0.74875	0.0713935534462616	0.25125	0.02	79.8667421012651
20	90	R	0.76625	0.0624473462417065	0.23375	0.02	89.9539253488183
20	100	R	0.79125	0.0557691435152186	0.20875	0.02	100.197028237535
30	10	R	0.593333333333333	0.0979915260687706	0.406666666666667	0.02	10.0094095193315
30	20	R	0.636666666666667	0.0812187861770303	0.363333333333333	0.02	19.9909109455533
30	30	R	0.665	0.085992655745158	0.335	0.02	30.2819832106121
30	40	R	0.6875	0.0812682727990616	0.3125	0.02	39.7126542937476
30	50	R	0.7075	0.073044687115419	0.2925	0.02	49.9517112825066
30	60	R	0.733333333333333	0.061890300990746	0.266666666666667	0.02	59.9113565686159
30	70	R	0.738333333333333	0.0626183090763312	0.261666666666667	0.02	69.9056482668035
30	80	R	0.7575	0.0645440599320698	0.2425	0.02	80.070086844638
30	90	R	0.786666666666667	0.0488463398043366	0.213333333333333	0.02	90.0707856757566
30	100	R	0.804166666666667	0.050977291125817	0.195833333333333	0.02	99.8787075116765
40	10	R	0.5925	0.0786815701017984	0.4075	0.02	10.1042415056843
40	20	R	0.635	0.0751752338837312	0.365	0.02	20.2953523572069
40	30	R	0.6575	0.0743834305261737	0.3425	0.02	30.0949093608186
40	40	R	0.686875	0.0704164071416374	0.313125	0.02	39.8535068395082
40	50	R	0.7075	0.0630110683677249	0.2925	0.02	50.039243469527
40	60	R	0.730625	0.0564105894780684	0.269375	0.02	59.7895790187176
40	70	R	0.73375	0.0625788975698089	0.26625	0.02	69.7629232505336
40	80	R	0.75	0.0617720768121342	0.25	0.02	80.0646321399603
40	90	R	0.778125	0.0601362214607714	0.221875	0.02	90.2451991343871
40	100	R	0.79375	0.0588402162864106	0.20625	0.02	100.159635649389
50	10	R	0.5905	0.0680150912046654	0.4095	0.02	10.1680853927508
50	20	R	0.6295	0.0680924294424014	0.3705	0.02	20.1926433696412
50	30	R	0.6535	0.069302920117713	0.3465	0.02	29.8243774613366
50	40	R	0.682	0.0603149627940042	0.318	0.02	40.2952203447465
50	50	R	0.6965	0.0544131369586813	0.3035	0.02	50.2343112837058
50	60	R	0.725	0.0504192945523625	0.275	0.02	60.0261069282889
50	70	R	0.732	0.0597010094245967	0.268	0.02	69.9936056191567
50	80	R	0.745	0.0581739677718117	0.255	0.02	79.8147948203608
50	90	R	0.775	0.0567079313119797	0.225	0.02	90.1948298913427
50	100	R	0.7895	0.0580811591880842	0.2105	0.02	100.002055947715
10	10	T	0.7	0	0.3	0.04	10.1569314813241
10	20	T	0.8	0	0.2	0.04	19.7221311861184
10	30	T	0.8	0	0.2	0.04	30.1457662737463
10	40	T	0.7	0	0.3	0.04	39.9402448008303
10	50	T	0.75	0	0.25	0.04	50.0332126093097
10	60	T	0.7	0	0.3	0.04	59.8209981068037
10	70	T	0.65	0	0.35	0.04	70.0434383758344
10	80	T	0.7	0	0.3	0.04	79.7803323809989
10	90	T	0.7	0	0.3	0.04	89.968105845619
10	100	T	0.7	0	0.3	0.04	100.262238971191
20	10	T	0.625	0	0.375	0.04	9.89517683382146
20	20	T	0.775	0	0.225	0.04	20.0151201950386
20	30	T	0.725	0	0.275	0.04	29.7065782909747
20	40	T	0.7	0	0.3	0.04	40.1329863682389
20	50	T	0.8	0	0.2	0.04	50.1973282252904
20	60	T	0.775	0	0.225	0.04	59.7859573708847
20	70	T	0.625	0	0.375	0.04	70.2769698096439
20	80	T	0.7	0	0.3	0.04	79.8188939709682
20	90	T	0.7	0	0.3	0.04	89.7080772448797
20	100	T	0.7	0	0.3	0.04	99.7842172229662
30	10	T	0.6	0	0.4	0.04	9.93430328569375
30	20	T	0.783333333333333	0	0.216666666666667	0.04	20.2785120599903
30	30	T	0.75	0	0.25	0.04	30.0795871445909
30	40	T	0.716666666666667	0	0.283333333333333	0.04	40.0037549931556
30	50	T	0.816666666666667	0	0.183333333333333	0.04	49.7281642094255
30	60	T	0.8	0	0.2	0.04	59.755292451242
30	70	T	0.683333333333333	0	0.316666666666667	0.04	69.7664939224254
30	80	T	0.75	0	0.25	0.04	80.0566565696616
30	90	T	0.766666666666667	0	0.233333333333333	0.04	90.0787598830182
30	100	T	0.766666666666667	0	0.233333333333333	0.04	99.907439537067
40	10	T	0.6375	0	0.3625	0.04	10.1962729347404
40	20	T	0.7875	0	0.2125	0.04	19.8547881803475
40	30	T	0.7625	0	0.2375	0.04	30.1193929041736
40	40	T	0.75	0	0.25	0.04	40.2935918129049
40	50	T	0.7875	0	0.2125	0.04	49.9258315556217
40	60	T	0.8	0	0.2	0.04	59.7895556788892
40	70	T	0.7125	0	0.2875	0.04	70.0525958317798
40	80	T	0.75	0	0.25	0.04	80.2736501506064
40	90	T	0.7625	0	0.2375	0.04	89.8052002262324
40	100	T	0.775	0	0.225	0.04	99.7909816793632
50	10	T	0.63	0	0.37	0.04	10.0749575107358
50	20	T	0.76	0	0.24	0.04	19.8713862147182
50	30	T	0.74	0	0.26	0.04	30.1209203241393
50	40	T	0.72	0	0.28	0.04	39.9377509885002
50	50	T	0.76	0	0.24	0.04	50.0280709332321
50	60	T	0.78	0	0.22	0.04	60.2615738082211
50	70	T	0.69	0	0.31	0.04	69.9195466063917
50	80	T	0.73	0	0.27	0.04	80.2938591278624
50	90	T	0.74	0	0.26	0.04	90.1624179440551
50	100	T	0.75	0	0.25	0.04	100.251854463713
10	10	R	0.575	0.0993399267798783	0.425	0.04	10.2797729051206
10	20	R	0.6425	0.0935765940145741	0.3575	0.04	19.7454731349368
10	30	R	0.66	0.0882579950158088	0.34	0.04	29.850396905886
10	40	R	0.73	0.10182544403356	0.27	0.04	39.9749221016187
10	50	R	0.745	0.0901752679362164	0.255	0.04	50.1889257385395
10	60	R	0.7725	0.0834691875074742	0.2275	0.04	59.7586421936285
10	70	R	0.825	0.0850696309223401	0.175	0.04	70.0626787006855
10	80	R	0.855	0.0809483265975731	0.145	0.04	80.2551362034399
10	90	R	0.865	0.0796373358617545	0.135	0.04	89.8701356606092
10	100	R	0.87	0.0732695097065046	0.13	0.04	99.9731365099549
20	10	R	0.6	0.0711743596647291	0.4	0.04	9.75832442701794
20	20	R	0.64625	0.0634921254960015	0.35375	0.04	20.1953434509691
20	30	R	0.685	0.0614517354472084	0.315	0.04	29.7134994047228
20	40	R	0.71375	0.0804898653313113	0.28625	0.04	40.1394489692524
20	50	R	0.73875	0.0671188066828241	0.26125	0.04	50.1044357310049
20	60	R	0.7725	0.0648378544402963	0.2275	0.04	60.1590879773721
20	70	R	0.8275	0.0756115418647041	0.1725	0.04	69.9546861453913
20	80	R	0.85375	0.0619183460611422	0.14625	0.04	79.9440688190982
20	90	R	0.8575	0.056253654852023	0.1425	0.04	89.701308548497
20	100	R	0.86125	0.0483102637019026	0.13875	0.04	100.017679682653
30	10	R	0.6125	0.0639524220080972	0.3875	0.04	10.0201582224574
30	20	R	0.651666666666667	0.0659833400911976	0.348333333333333	0.04	19.7237652143929
30	30	R	0.680833333333333	0.0695169212435453	0.319166666666667	0.04	30.0782541027758
30	40	R	0.713333333333333	0.0730697015632998	0.286666666666667	0.04	39.7327088868245
30	50	R	0.739166666666667	0.0570408184615214	0.260833333333333	0.04	50.198005682556
30	60	R	0.766666666666667	0.0584897651865602	0.233333333333333	0.04	59.8968094989192
30	70	R	0.815	0.0741225474925385	0.185	0.04	70.0777237622999
30	80	R	0.8475	0.0593027222435621	0.1525	0.04	79.8986325277947
30	90	R	0.8575	0.0560583968701311	0.1425	0.04	90.254847066896
30	100	R	0.859166666666667	0.0565775873629556	0.140833333333333	0.04	99.7193636776879
40	10	R	0.611875	0.0673115058202494	0.388125	0.04	9.87322842390276
40	20	R	0.65625	0.0688844379339317	0.34375	0.04	20.0805786738638
40	30	R	0.685	0.0571528421727306	0.315	0.04	30.0226607240271
40	40	R	0.725625	0.058133665171876	0.274375	0.04	39.9381412209943
40	50	R	0.75125	0.0511222734442167	0.24875	0.04	50.0240555774886
40	60	R	0.77125	0.0474861475645931	0.22875	0.04	60.0399887361098
40	70	R	0.818125	0.0574220008725796	0.181875	0.04	70.2797303645872
40	80	R	0.84875	0.046400005671506	0.15125	0.04	80.0447589409072
40	90	R	0.86	0.0491038105499595	0.14	0.04	90.2357603802346
40	100	R	0.86	0.0452696598757176	0.14	0.04	100.090169908805
50	10	R	0.6135	0.0661159268971833	0.3865	0.04	10.0939834876917
50	20	R	0.661	0.070180219135414	0.339	0.04	20.0206645533908
50	30	R	0.692	0.0549257872521019	0.308	0.04	29.8664291478228
50	40	R	0.7315	0.0591407776322511	0.2685	0.04	40.2541916139424
50	50	R	0.7585	0.0617529031919276	0.2415	0.04	49.8852405023761
50	60	R	0.78	0.0515037045167371	0.22	0.04	59.8476765273605
50	70	R	0.82	0.06249210476448	0.18	0.04	70.2318442737684
50	80	R	0.849	0.0535969362832184	0.151	0.04	79.7623268771451
50	90	R	0.8635	0.0549904297893829	0.1365	0.04	89.7636751529295
50	100	R	0.8665	0.0494469412603045	0.1335	0.04	99.8442218428478
10	10	T	0.7	0	0.3	0.05	10.0406303263735
10	20	T	0.65	0	0.35	0.05	20.1631633229554
10	30	T	0.8	0	0.2	0.05	29.8211324105971
10	40	T	0.7	0	0.3	0.05	40.0208628933877
10	50	T	0.7	0	0.3	0.05	49.7802680733614
10	60	T	0.6	0	0.4	0.05	60.0352285662666
10	70	T	0.7	0	0.3	0.05	70.2007580791134
10	80	T	0.65	0	0.35	0.05	79.9837813390885
10	90	T	0.65	0	0.35	0.05	90.0456287206616
10	100	T	0.65	0	0.35	0.05	100.287991478387
20	10	T	0.675	0	0.325	0.05	9.91418038806878
20	20	T	0.625	0	0.375	0.05	19.740853962535
20	30	T	0.7	0	0.3	0.05	30.2518510096706
20	40	T	0.65	0	0.35	0.05	39.9086590339895
20	50	T	0.65	0	0.35	0.05	49.9635967227165
20	60	T	0.6	0	0.4	0.05	60.2308706518728
20	70	T	0.675	0	0.325	0.05	70.2174755477812
20	80	T	0.65	0	0.35	0.05	79.7109558167402
20	90	T	0.65	0	0.35	0.05	90.1766243554652
20	100	T	0.65	0	0.35	0.05	100.184815648431
30	10	T	0.65	0	0.35	0.05	9.85042217536829
30	20	T	0.65	0	0.35	0.05	20.1402946641669
30	30	T	0.666666666666667	0	0.333333333333333	0.05	30.0168463429436
30	40	T	0.65	0	0.35	0.05	40.1176249467768
30	50	T	0.65	0	0.35	0.05	49.7962553500198
30	60	T	0.583333333333333	0	0.416666666666667	0.05	59.713705680985
30	70	T	0.633333333333333	0	0.366666666666667	0.05	69.8258841624949
30	80	T	0.633333333333333	0	0.366666666666667	0.05	80.2121900473256
30	90	T	0.633333333333333	0	0.366666666666667	0.05	90.2297872119583
30	100	T	0.633333333333333	0	0.366666666666667	0.05	99.974082018109
40	10	T	0.6625	0	0.3375	0.05	10.0310322019272
40	20	T	0.65	0	0.35	0.05	20.043329683505
40	30	T	0.6625	0	0.3375	0.05	30.1279766579624
40	40	T	0.6375	0	0.3625	0.05	40.209870708501
40	50	T	0.65	0	0.35	0.05	50.2711735002231
40	60	T	0.6	0	0.4	0.05	59.7467434889171
40	70	T	0.6375	0	0.3625	0.05	70.2599618717097
40	80	T	0.6375	0	0.3625	0.05	79.9912935945205
40	90	T	0.6375	0	0.3625	0.05	89.7550788254477
40	100	T	0.625	0	0.375	0.05	99.7608190824278
50	10	T	0.65	0	0.35	0.05	9.74760608216748
50	20	T	0.64	0	0.36	0.05	19.9175906431861
50	30	T	0.64	0	0.36	0.05	30.1948426448274
50	40	T	0.62	0	0.38	0.05	40.1624181368388
50	50	T	0.63	0	0.37	0.05	50.2718918071128
50	60	T	0.6	0	0.4	0.05	60.2704732837155
50	70	T	0.63	0	0.37	0.05	69.9607923438307
50	80	T	0.62	0	0.38	0.05	79.8953893972095
50	90	T	0.61	0	0.39	0.05	90.080631519109
50	100	T	0.6	0	0.4	0.05	99.8279596045613
10	10	R	0.6025	0.120825014837683	0.3975	0.05	9.7441703802906
10	20	R	0.7025	0.121909155133087	0.2975	0.05	20.1810360672418
10	30	R	0.7225	0.124049014082083	0.2775	0.05	30.0712469183374
10	40	R	0.765	0.131889108125369	0.235	0.05	39.8260059597902
10	50	R	0.795	0.114593101656986	0.205	0.05	50.0242720796727
10	60	R	0.845	0.0930478088771686	0.155	0.05	60.0232678217813
10	70	R	0.86	0.0911909506128991	0.14	0.05	69.993680886412
10	80	R	0.8625	0.0871704319739573	0.1375	0.05	80.1899759310763
10	90	R	0.88	0.0695852373938459	0.12	0.05	90.2135326959193
10	100	R	0.895	0.0723660286685898	0.105	0.05	99.7121175617911
20	10	R	0.60125	0.0961341579033669	0.39875	0.05	10.0229140543379
20	20	R	0.69875	0.0974932521281669	0.30125	0.05	19.9865559243597
20	30	R	0.73375	0.0939887311274462	0.26625	0.05	30.0020708046388
20	40	R	0.76625	0.100090419647752	0.23375	0.05	40.0479008644819
20	50	R	0.78875	0.0991659295269669	0.21125	0.05	50.1920586037915
20	60	R	0.85	0.0827170191868511	0.15	0.05	59.9002716634423
20	70	R	0.86	0.0783883718551755	0.14	0.05	69.8534888487309
20	80	R	0.865	0.0675706258198354	0.135	0.05	80.1500785533804
20	90	R	0.88375	0.04817389006724	0.11625	0.05	89.9904414473567
20	100	R	0.9	0.0561951486949016	0.1	0.05	100.182672755513
30	10	R	0.603333333333333	0.0813985933180176	0.396666666666667	0.05	9.90417516310699
30	20	R	0.695	0.0883738735173912	0.305	0.05	20.0697632113937
30	30	R	0.7275	0.0926028746727703	0.2725	0.05	30.2426020078361
30	40	R	0.768333333333333	0.083228003609334	0.231666666666667	0.05	39.8267872698139
30	50	R	0.799166666666667	0.0865983198788982	0.200833333333333	0.05	49.892191581009
30	60	R	0.8475	0.0769056154270319	0.1525	0.05	59.7029316379689
30	70	R	0.859166666666667	0.0736426888023182	0.140833333333333	0.05	69.9243875586428
30	80	R	0.87	0.0625014619712052	0.13	0.05	80.2449296123348
30	90	R	0.885	0.0486363760576731	0.115	0.05	89.914230741933
30	100	R	0.900833333333333	0.0517175753718132	0.0991666666666666	0.05	99.9643103145063
40	10	R	0.59625	0.0861359849002543	0.40375	0.05	10.0089708679356
40	20	R	0.686875	0.0782702596944177	0.313125	0.05	19.8619946562685
40	30	R	0.723125	0.0800159318017685	0.276875	0.05	30.0927137109451
40	40	R	0.759375	0.0724199876088305	0.240625	0.05	39.7542187124025
40	50	R	0.795625	0.0803236667948396	0.204375	0.05	49.8846742770169
40	60	R	0.8425	0.0732695097065047	0.1575	0.05	59.7798072684556
40	70	R	0.854375	0.0693336469923742	0.145625	0.05	70.2609740137588
40	80	R	0.866875	0.063514787958976	0.133125	0.05	80.1741451449692
40	90	R	0.88	0.0480542456637891	0.12	0.05	89.75849966635
40	100	R	0.893125	0.0489150377803455	0.106875	0.05	99.9633694828954
50	10	R	0.6	0.0846043423048847	0.4	0.05	9.82357902037911
50	20	R	0.6795	0.0751472239218316	0.3205	0.05	20.1297784656752
50	30	R	0.72	0.0761577310586391	0.28	0.05	29.8977014186326
50	40	R	0.7635	0.0661159268971833	0.2365	0.05	40.1979839412961
50	50	R	0.794	0.0796307266799628	0.206	0.05	49.9811724889092
50	60	R	0.838	0.0655021092468744	0.162	0.05	60.2209571833257
50	70	R	0.8515	0.0657166965886624	0.1485	0.05	70.1800544016529
50	80	R	0.8635	0.0622621791087368	0.1365	0.05	80.1546465848573
50	90	R	0.8775	0.047999451751255	0.1225	0.05	90.1304179108702
50	100	R	0.8925	0.048436067466083	0.1075	0.05	100.036188040348
10	10	T	0.5	0	0.5	0.06	10.1853984410409
10	20	T	0.55	0	0.45	0.06	19.9520270004403
10	30	T	0.65	0	0.35	0.06	29.7556777194142
10	40	T	0.7	0	0.3	0.06	40.1657737433445
10	50	T	0.75	0	0.25	0.06	49.8647577896249
10	60	T	0.75	0	0.25	0.06	60.1809675120749
10	70	T	0.7	0	0.3	0.06	70.253629685007
10	80	T	0.7	0	0.3	0.06	79.9194987131748
10	90	T	0.7	0	0.3	0.06	90.2674806443509
10	100	T	0.75	0	0.25	0.06	99.8293688929174
20	10	T	0.65	0	0.35	0.06	10.0484452985693
20	20	T	0.6	0	0.4	0.06	20.1328340824693
20	30	T	0.7	0	0.3	0.06	29.7818554422352
20	40	T	0.725	0	0.275	0.06	39.8798105159309
20	50	T	0.7	0	0.3	0.06	50.2743982413318
20	60	T	0.725	0	0.275	0.06	60.1108811482787
20	70	T	0.7	0	0.3	0.06	69.8112684957217
20	80	T	0.7	0	0.3	0.06	80.0070088905748
20	90	T	0.7	0	0.3	0.06	89.7877554696053
20	100	T	0.75	0	0.25	0.06	100.163913538773
30	10	T	0.666666666666667	0	0.333333333333333	0.06	10.1448191524949
30	20	T	0.6	0	0.4	0.06	20.2404595112428
30	30	T	0.716666666666667	0	0.283333333333333	0.06	29.8297718573827
30	40	T	0.75	0	0.25	0.06	39.8424536838662
30	50	T	0.7	0	0.3	0.06	50.2071132027544
30	60	T	0.75	0	0.25	0.06	60.0324394337833
30	70	T	0.716666666666667	0	0.283333333333333	0.06	69.9006395194679
30	80	T	0.716666666666667	0	0.283333333333333	0.06	79.7388141280506
30	90	T	0.716666666666667	0	0.283333333333333	0.06	89.8912007449195
30	100	T	0.8	0	0.2	0.06	100.020828940114
40	10	T	0.675	0	0.325	0.06	9.72470555244945
40	20	T	0.6	0	0.4	0.06	19.7681830186863
40	30	T	0.7125	0	0.2875	0.06	29.9915864895098
40	40	T	0.75	0	0.25	0.06	40.0789574244991
40	50	T	0.7125	0	0.2875	0.06	50.1325542578008
40	60	T	0.775	0	0.225	0.06	59.9862909700256
40	70	T	0.75	0	0.25	0.06	69.9082267832942
40	80	T	0.7625	0	0.2375	0.06	80.1539483297151
40	90	T	0.775	0	0.225	0.06	90.1138822929002
40	100	T	0.8375	0	0.1625	0.06	100.04331102916
50	10	T	0.68	0	0.32	0.06	10.2367790262215
50	20	T	0.63	0	0.37	0.06	20.1474307769444
50	30	T	0.72	0	0.28	0.06	29.826447750628
50	40	T	0.77	0	0.23	0.06	39.9600325607695
50	50	T	0.72	0	0.28	0.06	49.8900789699517
50	60	T	0.77	0	0.23	0.06	60.0992280911654
50	70	T	0.76	0	0.24	0.06	69.7493646007031
50	80	T	0.77	0	0.23	0.06	79.7961285333615
50	90	T	0.79	0	0.21	0.06	89.8484812920447
50	100	T	0.85	0	0.15	0.06	99.9517042623833
10	10	R	0.655	0.141328285245829	0.345	0.06	10.0819184631109
10	20	R	0.7175	0.155829697865465	0.2825	0.06	20.2200847636908
10	30	R	0.76	0.125236618152662	0.24	0.06	30.1986590155866
10	40	R	0.77	0.112857618729367	0.23	0.06	39.7490946386009
10	50	R	0.805	0.108700457559682	0.195	0.06	49.7247494314332
10	60	R	0.82	0.0923380516876639	0.18	0.06	60.1398546528071
10	70	R	0.8425	0.112711788950496	0.1575	0.06	69.7698221583851
10	80	R	0.855	0.106251934966901	0.145	0.06	79.8335220632143
10	90	R	0.865	0.108942283125661	0.135	0.06	89.8964977889322
10	100	R	0.8875	0.0886670294149023	0.1125	0.06	100.094317133259
20	10	R	0.63375	0.124413095858324	0.36625	0.06	10.0301614959724
20	20	R	0.70375	0.111884279973833	0.29625	0.06	20.2762288607191
20	30	R	0.75125	0.0978300755606911	0.24875	0.06	30.1100088613573
20	40	R	0.7625	0.0825179406330271	0.2375	0.06	39.951093707094
20	50	R	0.79625	0.0816261535745034	0.20375	0.06	50.0978173970245
20	60	R	0.81625	0.0708384931041249	0.18375	0.06	59.9985280551016
20	70	R	0.84625	0.0787546991079196	0.15375	0.06	70.2890231351834
20	80	R	0.87125	0.0740176899197255	0.12875	0.06	79.7544127608649
20	90	R	0.88125	0.0814647970469131	0.11875	0.06	89.7208660568576
20	100	R	0.895	0.0636602825861413	0.105	0.06	100.292052611616
30	10	R	0.63	0.116051007136129	0.37	0.06	10.1584243886638
30	20	R	0.709166666666667	0.0957388932070693	0.290833333333333	0.06	19.9770032556728
30	30	R	0.761666666666667	0.0741619848709566	0.238333333333333	0.06	29.9904413844924
30	40	R	0.775833333333333	0.0586083741496712	0.224166666666667	0.06	40.1993950197473
30	50	R	0.806666666666667	0.0607939670752661	0.193333333333333	0.06	49.8755663764197
30	60	R	0.828333333333333	0.0572518801243921	0.171666666666667	0.06	59.8739541156683
30	70	R	0.8525	0.0590556779608463	0.1475	0.06	70.0282060049474
30	80	R	0.8775	0.059548741645638	0.1225	0.06	79.9741201352328
30	90	R	0.886666666666666	0.0636602825861414	0.113333333333334	0.06	89.7401278439909
30	100	R	0.900833333333333	0.0588572959500325	0.0991666666666667	0.06	100.188822003407
40	10	R	0.63	0.111316878183055	0.37	0.06	9.91252895058133
40	20	R	0.70625	0.0927911491922643	0.29375	0.06	19.7320302805398
40	30	R	0.755625	0.0852120999253287	0.244375	0.06	29.7790306407027
40	40	R	0.7725	0.0649645652401531	0.2275	0.06	39.7597996344324
40	50	R	0.80625	0.0635439135351956	0.19375	0.06	50.2567392962053
40	60	R	0.82625	0.0520785085484558	0.17375	0.06	60.1696395529434
40	70	R	0.850625	0.0537224531614502	0.149375	0.06	70.2140135286841
40	80	R	0.871875	0.0570484270275333	0.128125	0.06	79.995989126619
40	90	R	0.88125	0.0588402162864106	0.11875	0.06	90.2274224826135
40	100	R	0.8975	0.0532805385621587	0.1025	0.06	100.29498131955
50	10	R	0.631	0.0976513669831826	0.369	0.06	10.2974568872713
50	20	R	0.704	0.0826151508979723	0.296	0.06	19.9437412824016
50	30	R	0.7545	0.0758443697386472	0.2455	0.06	29.884206132777
50	40	R	0.772	0.0610090588614338	0.228	0.06	39.8459364944138
50	50	R	0.8085	0.0570572196640309	0.1915	0.06	50.0349038327578
50	60	R	0.8265	0.0484795127646177	0.1735	0.06	60.2596553332172
50	70	R	0.8505	0.0488256834915913	0.1495	0.06	70.2415436094161
50	80	R	0.872	0.0546375617857783	0.128	0.06	79.7690579526126
50	90	R	0.881	0.0546664527167401	0.119	0.06	90.0895718302578
50	100	R	0.899	0.0519007149327089	0.101	0.06	99.9495819347445
10	10	T	0.8	0	0.2	0.07	9.90424393941648
10	20	T	0.75	0	0.25	0.07	19.9012650655117
10	30	T	0.8	0	0.2	0.07	30.2529437927529
10	40	T	0.65	0	0.35	0.07	40.1974863406736
10	50	T	0.65	0	0.35	0.07	50.0014620742295
10	60	T	0.65	0	0.35	0.07	59.9287397772074
10	70	T	0.65	0	0.35	0.07	70.1284127294086
10	80	T	0.65	0	0.35	0.07	80.0709507542662
10	90	T	0.6	0	0.4	0.07	89.7788035824895
10	100	T	0.55	0	0.45	0.07	99.8367887086701
20	10	T	0.825	0	0.175	0.07	9.84221650953405
20	20	T	0.8	0	0.2	0.07	20.2624455188867
20	30	T	0.8	0	0.2	0.07	29.8794113525189
20	40	T	0.625	0	0.375	0.07	39.7848962578457
20	50	T	0.65	0	0.35	0.07	49.8763697572518
20	60	T	0.625	0	0.375	0.07	60.0403151914012
20	70	T	0.625	0	0.375	0.07	70.2357995980419
20	80	T	0.6	0	0.4	0.07	79.7235758069903
20	90	T	0.575	0	0.425	0.07	90.2230666436255
20	100	T	0.55	0	0.45	0.07	100.039042194886
30	10	T	0.816666666666667	0	0.183333333333333	0.07	10.2814664559439
30	20	T	0.816666666666667	0	0.183333333333333	0.07	20.2419570487458
30	30	T	0.8	0	0.2	0.07	30.1960322925355
30	40	T	0.633333333333333	0	0.366666666666667	0.07	39.9015924794134
30	50	T	0.616666666666667	0	0.383333333333333	0.07	50.2818282726686
30	60	T	0.633333333333333	0	0.366666666666667	0.07	59.9387521308381
30	70	T	0.616666666666667	0	0.383333333333333	0.07	69.963011439424
30	80	T	0.616666666666667	0	0.383333333333333	0.07	79.7034540615976
30	90	T	0.566666666666667	0	0.433333333333333	0.07	89.9483722257894
30	100	T	0.566666666666667	0	0.433333333333333	0.07	100.145509637753
40	10	T	0.8	0	0.2	0.07	10.0232848254498
40	20	T	0.8125	0	0.1875	0.07	19.938944012858
40	30	T	0.8	0	0.2	0.07	29.7915272339713
40	40	T	0.6375	0	0.3625	0.07	39.9973442114424
40	50	T	0.625	0	0.375	0.07	50.2351872540545
40	60	T	0.6375	0	0.3625	0.07	60.1877170379274
40	70	T	0.625	0	0.375	0.07	70.0599805777892
40	80	T	0.625	0	0.375	0.07	80.0291930313222
40	90	T	0.575	0	0.425	0.07	89.7622891771607
40	100	T	0.5625	0	0.4375	0.07	100.176100027747
50	10	T	0.77	0	0.23	0.07	10.2588011352811
50	20	T	0.8	0	0.2	0.07	20.133639422711
50	30	T	0.79	0	0.21	0.07	30.2427058851812
50	40	T	0.65	0	0.35	0.07	39.8419809260871
50	50	T	0.64	0	0.36	0.07	50.0582125273533
50	60	T	0.64	0	0.36	0.07	60.0434611227829
50	70	T	0.63	0	0.37	0.07	70.2099324761424
50	80	T	0.65	0	0.35	0.07	79.8525083610788
50	90	T	0.61	0	0.39	0.07	89.7289154356811
50	100	T	0.6	0	0.4	0.07	100.121016483288
10	10	R	0.6525	0.168175190610393	0.3475	0.07	10.1271844384726
10	20	R	0.7125	0.140370749689603	0.2875	0.07	19.8580885720439
10	30	R	0.7575	0.133056181248453	0.2425	0.07	30.112268482754
10	40	R	0.7575	0.138862863058638	0.2425	0.07	39.8359085391276
10	50	R	0.775	0.13907589749183	0.225	0.07	49.8224975854158
10	60	R	0.8125	0.11106541457983	0.1875	0.07	60.1923298931681
10	70	R	0.8125	0.103713928415466	0.1875	0.07	69.7800317092799
10	80	R	0.83	0.103109548284184	0.17	0.07	79.8588873306755
10	90	R	0.855	0.0916227965197814	0.145	0.07	90.0702021338046
10	100	R	0.8725	0.0910104100465551	0.1275	0.07	99.8872472024988
20	10	R	0.66125	0.110464033203477	0.33875	0.07	9.87414746494033
20	20	R	0.69625	0.130099910999605	0.30375	0.07	20.0361882623285
20	30	R	0.75125	0.108055480389036	0.24875	0.07	30.1608125588391
20	40	R	0.775	0.108821437516502	0.225	0.07	39.8595802721102
20	50	R	0.78375	0.114212117985513	0.21625	0.07	49.9285765726119
20	60	R	0.81	0.102405283580796	0.19	0.07	59.9463131790049
20	70	R	0.81625	0.098767070476583	0.18375	0.07	70.0565585209522
20	80	R	0.83625	0.0961341579033669	0.16375	0.07	79.7230306862853
20	90	R	0.8575	0.089992689761593	0.1425	0.07	89.9097813350614
20	100	R	0.88375	0.0689560309945861	0.11625	0.07	100.062255366379
30	10	R	0.6625	0.103431617096537	0.3375	0.07	10.203235270828
30	20	R	0.699166666666667	0.119388671869488	0.300833333333333	0.07	20.1981802565046
30	30	R	0.754166666666667	0.0982113427067225	0.245833333333333	0.07	30.2507297532633
30	40	R	0.783333333333333	0.104013044616011	0.216666666666667	0.07	39.9085359770339
30	50	R	0.794166666666667	0.109527827647771	0.205833333333333	0.07	50.2961711991578
30	60	R	0.82	0.0929692145486943	0.18	0.07	60.2547507839743
30	70	R	0.835833333333333	0.0954023489602562	0.164166666666667	0.07	69.7575629411731
30	80	R	0.848333333333333	0.0909501502173658	0.151666666666667	0.07	79.8606857011095
30	90	R	0.865	0.0861625011718388	0.135	0.07	89.8490321722347
30	100	R	0.893333333333333	0.0640723275517188	0.106666666666667	0.07	99.7118256104644
40	10	R	0.65125	0.106907793522219	0.34875	0.07	10.2502039453015
40	20	R	0.686875	0.108251276277878	0.313125	0.07	19.8209366360214
40	30	R	0.744375	0.0855972630833978	0.255625	0.07	30.0626972709317
40	40	R	0.778125	0.0938814867406326	0.221875	0.07	40.1993424716406
40	50	R	0.789375	0.105153005688203	0.210625	0.07	49.8134530176409
40	60	R	0.818125	0.0852120999253287	0.181875	0.07	59.9705328710843
40	70	R	0.83625	0.08544581231462	0.16375	0.07	70.2978962574154
40	80	R	0.848125	0.0845143829241664	0.151875	0.07	79.8035940451548
40	90	R	0.865	0.0749561275189132	0.135	0.07	90.1184998672921
40	100	R	0.89125	0.0609815545882523	0.10875	0.07	99.7522280598525
50	10	R	0.66	0.10182544403356	0.34	0.07	9.72025863877498
50	20	R	0.6925	0.0984017008838877	0.3075	0.07	20.116527924547
50	30	R	0.753	0.0819563426786674	0.247	0.07	29.9364352111705
50	40	R	0.783	0.0898009494733535	0.217	0.07	40.1771606332622
50	50	R	0.7975	0.095524865872714	0.2025	0.07	50.0895510607399
50	60	R	0.823	0.0805311316069428	0.177	0.07	60.0758025228046
50	70	R	0.8425	0.079662115409892	0.1575	0.07	69.9444870612584
50	80	R	0.856	0.0768731011746666	0.144	0.07	79.7943256956525
50	90	R	0.875	0.0712667339536551	0.125	0.07	89.9807731563225
50	100	R	0.9025	0.0542775518200568	0.0975	0.07	100.179569132766
10	10	T	0.55	0	0.45	0.09	9.92882394450717
10	20	T	0.6	0	0.4	0.09	20.0576163263526
10	30	T	0.6	0	0.4	0.09	29.7404714056291
10	40	T	0.6	0	0.4	0.09	40.2748645904474
10	50	T	0.65	0	0.35	0.09	49.8662385737989
10	60	T	0.65	0	0.35	0.09	59.9384164941497
10	70	T	0.65	0	0.35	0.09	70.0773069079034
10	80	T	0.6	0	0.4	0.09	80.2138538002037
10	90	T	0.55	0	0.45	0.09	89.9215421405621
10	100	T	0.5	0	0.5	0.09	100.030523688346
20	10	T	0.675	0	0.325	0.09	10.2244761405513
20	20	T	0.625	0	0.375	0.09	19.726594940573
20	30	T	0.625	0	0.375	0.09	29.8946555807255
20	40	T	0.6	0	0.4	0.09	40.1764276784379
20	50	T	0.65	0	0.35	0.09	49.9848881569691
20	60	T	0.6	0	0.4	0.09	59.991239081556
20	70	T	0.625	0	0.375	0.09	70.1382346418686
20	80	T	0.55	0	0.45	0.09	79.7236486408394
20	90	T	0.525	0	0.475	0.09	90.056881238753
20	100	T	0.5	0	0.5	0.09	100.156925280252
30	10	T	0.633333333333333	0	0.366666666666667	0.09	10.0461680036504
30	20	T	0.633333333333333	0	0.366666666666667	0.09	20.2023182935547
30	30	T	0.65	0	0.35	0.09	30.093375065038
30	40	T	0.6	0	0.4	0.09	40.1260276949033
30	50	T	0.65	0	0.35	0.09	49.8121521466877
30	60	T	0.6	0	0.4	0.09	60.0758665490896
30	70	T	0.633333333333333	0	0.366666666666667	0.09	69.8374602629803
30	80	T	0.6	0	0.4	0.09	79.7350415101275
30	90	T	0.583333333333333	0	0.416666666666667	0.09	89.7505874830764
30	100	T	0.566666666666667	0	0.433333333333333	0.09	99.7474828247447
40	10	T	0.6875	0	0.3125	0.09	9.81843502181582
40	20	T	0.6875	0	0.3125	0.09	20.2201726170722
40	30	T	0.7	0	0.3	0.09	30.1621640879195
40	40	T	0.6625	0	0.3375	0.09	40.0252047524787
40	50	T	0.7	0	0.3	0.09	49.7805027227849
40	60	T	0.6625	0	0.3375	0.09	59.9756589754019
40	70	T	0.6875	0	0.3125	0.09	70.1754137210082
40	80	T	0.6125	0	0.3875	0.09	79.9625392138958
40	90	T	0.6	0	0.4	0.09	90.0280474686529
40	100	T	0.5875	0	0.4125	0.09	100.262761682458
50	10	T	0.69	0	0.31	0.09	9.94646783350036
50	20	T	0.66	0	0.34	0.09	19.7742743554525
50	30	T	0.67	0	0.33	0.09	30.0537797869183
50	40	T	0.63	0	0.37	0.09	39.9025074557867
50	50	T	0.68	0	0.32	0.09	49.9414115370251
50	60	T	0.65	0	0.35	0.09	60.2459265240468
50	70	T	0.66	0	0.34	0.09	70.1912572812755
50	80	T	0.61	0	0.39	0.09	79.9429489701521
50	90	T	0.6	0	0.4	0.09	90.038846688671
50	100	T	0.59	0	0.41	0.09	100.185352959577
10	10	R	0.6925	0.117288443366635	0.3075	0.09	9.75111922891811
10	20	R	0.7625	0.0998353908349033	0.2375	0.09	20.0463410526514
10	30	R	0.795	0.107483168817017	0.205	0.09	29.8577187221032
10	40	R	0.8375	0.104974934351517	0.1625	0.09	40.2707401090302
10	50	R	0.8525	0.106961626173522	0.1475	0.09	50.1766582321841
10	60	R	0.875	0.111803398874989	0.125	0.09	59.7988700968679
10	70	R	0.885	0.0988086934168084	0.115	0.09	70.0807900864165
10	80	R	0.9	0.0973328526784575	0.1	0.09	79.7279566466808
10	90	R	0.935	0.0828759377179624	0.0650000000000001	0.09	90.2540468844585
10	100	R	0.945	0.0741619848709566	0.055	0.09	100.276321822032
20	10	R	0.70625	0.101590962610906	0.29375	0.09	10.0150356301572
20	20	R	0.775	0.105755427881106	0.225	0.09	20.141434468748
20	30	R	0.805	0.0992073851240818	0.195	0.09	30.1016450860072
20	40	R	0.85	0.083901571404894	0.15	0.09	39.9253975793719
20	50	R	0.87	0.0837445991974219	0.13	0.09	50.1371330189519
20	60	R	0.88125	0.094894331814531	0.11875	0.09	60.190634646127
20	70	R	0.89375	0.0873118277391895	0.10625	0.09	70.1734716385137
20	80	R	0.90625	0.0846334977852648	0.09375	0.09	80.2289642775431
20	90	R	0.92875	0.076207386712009	0.07125	0.09	89.8046694468241
20	100	R	0.93625	0.0767236153859732	0.06375	0.09	99.9404847001191
30	10	R	0.6925	0.103375062315686	0.3075	0.09	10.1484623351134
30	20	R	0.765	0.0923855384749055	0.235	0.09	19.8025981380139
30	30	R	0.796666666666667	0.0819356472629444	0.203333333333333	0.09	29.7639839034062
30	40	R	0.829166666666667	0.0737220558616473	0.170833333333333	0.09	39.7786782911979
30	50	R	0.856666666666667	0.0665349576147406	0.143333333333333	0.09	49.7561046776362
30	60	R	0.8675	0.0767533834520994	0.1325	0.09	59.759438399272
30	70	R	0.883333333333333	0.0727488670758433	0.116666666666667	0.09	69.7318127876148
30	80	R	0.9	0.070503618587404	0.1	0.09	80.0383192093577
30	90	R	0.921666666666667	0.0651359352314798	0.0783333333333331	0.09	89.7422955941409
30	100	R	0.929166666666667	0.0713026249691088	0.0708333333333333	0.09	99.9475090068299
40	10	R	0.68875	0.101623337042133	0.31125	0.09	10.2999870375264
40	20	R	0.76125	0.0850599633695022	0.23875	0.09	20.2869136166293
40	30	R	0.7925	0.0713359361715656	0.2075	0.09	30.2476099229883
40	40	R	0.828125	0.0632032800198151	0.171875	0.09	39.9470345617738
40	50	R	0.85625	0.0645709524069209	0.14375	0.09	49.9433816553094
40	60	R	0.86625	0.0708384931041249	0.13375	0.09	59.8833965742029
40	70	R	0.8825	0.0689917996652691	0.1175	0.09	69.7017687656917
40	80	R	0.898125	0.0699241835659768	0.101875	0.09	79.8428731693421
40	90	R	0.92	0.0627495019900557	0.08	0.09	89.9503246854991
40	100	R	0.9275	0.0669593356566427	0.0725	0.09	99.8564299194142
50	10	R	0.69	0.0955317527813328	0.31	0.09	9.803804799309
50	20	R	0.7555	0.0798996080617487	0.2445	0.09	19.8749372983817
50	30	R	0.7885	0.0661159268971833	0.2115	0.09	30.2912270366214
50	40	R	0.824	0.0609918027279076	0.176	0.09	39.724853288522
50	50	R	0.852	0.063295464209323	0.148	0.09	50.2205875053536
50	60	R	0.8635	0.0646671640422182	0.1365	0.09	59.8104897381272
50	70	R	0.8815	0.0624310145596511	0.1185	0.09	70.2546589053236
50	80	R	0.8965	0.0651536645170477	0.1035	0.09	80.122849036241
50	90	R	0.9195	0.0569833770775118	0.0805	0.09	89.825670257723
50	100	R	0.9275	0.059725248121359	0.0725	0.09	99.8393804448191
10	10	T	0.6	0	0.4	0.1	9.85263632507995
10	20	T	0.8	0	0.2	0.1	19.7608706614468
10	30	T	0.9	0	0.1	0.1	29.9082181618083
10	40	T	0.95	0	0.05	0.1	40.1969980111346
10	50	T	0.95	0	0.05	0.1	49.8051377890166
10	60	T	0.9	0	0.1	0.1	59.8873646241613
10	70	T	0.9	0	0.1	0.1	70.2899795621634
10	80	T	0.95	0	0.05	0.1	79.9955591496546
10	90	T	0.9	0	0.1	0.1	90.1596966899
10	100	T	0.85	0	0.15	0.1	100.05888153133
20	10	T	0.625	0	0.375	0.1	10.2794676000252
20	20	T	0.75	0	0.25	0.1	19.7124611563981
20	30	T	0.875	0	0.125	0.1	29.7352698792703
20	40	T	0.925	0	0.075	0.1	39.8356642005034
20	50	T	0.925	0	0.075	0.1	50.0256747086067
20	60	T	0.875	0	0.125	0.1	60.0987854925916
20	70	T	0.875	0	0.125	0.1	70.1351124400739
20	80	T	0.95	0	0.05	0.1	80.2562851297669
20	90	T	0.925	0	0.075	0.1	89.755239668861
20	100	T	0.8	0	0.2	0.1	100.203087189142
30	10	T	0.65	0	0.35	0.1	9.88950806832872
30	20	T	0.766666666666667	0	0.233333333333333	0.1	19.8954240829218
30	30	T	0.9	0	0.1	0.1	30.2522256368771
30	40	T	0.933333333333333	0	0.066666666666667	0.1	40.0881406135857
30	50	T	0.916666666666667	0	0.083333333333333	0.1	49.8113961986266
30	60	T	0.916666666666667	0	0.083333333333333	0.1	60.1597336919513
30	70	T	0.916666666666667	0	0.083333333333333	0.1	69.9184122486506
30	80	T	0.966666666666667	0	0.033333333333333	0.1	80.1056857710239
30	90	T	0.95	0	0.05	0.1	89.9067301156931
30	100	T	0.816666666666667	0	0.183333333333333	0.1	99.9134783700108
40	10	T	0.65	0	0.35	0.1	9.84396198387258
40	20	T	0.775	0	0.225	0.1	20.1693075412884
40	30	T	0.85	0	0.15	0.1	30.0613719223067
40	40	T	0.9125	0	0.0875	0.1	40.2966479400173
40	50	T	0.9	0	0.1	0.1	49.9258129463997
40	60	T	0.9	0	0.1	0.1	59.8685745034833
40	70	T	0.8875	0	0.1125	0.1	69.7442086941097
40	80	T	0.9375	0	0.0625	0.1	79.7953146810178
40	90	T	0.925	0	0.075	0.1	90.0036289738957
40	100	T	0.825	0	0.175	0.1	100.148669200763
50	10	T	0.67	0	0.33	0.1	10.2653428405058
50	20	T	0.79	0	0.21	0.1	19.9756030111108
50	30	T	0.86	0	0.14	0.1	29.9714423032477
50	40	T	0.91	0	0.09	0.1	40.1647687729914
50	50	T	0.9	0	0.1	0.1	49.9152862069663
50	60	T	0.9	0	0.1	0.1	60.141305772448
50	70	T	0.88	0	0.12	0.1	69.9348900334444
50	80	T	0.92	0	0.08	0.1	79.9277441357728
50	90	T	0.91	0	0.09	0.1	90.030059562251
50	100	T	0.83	0	0.17	0.1	99.720007054694
10	10	R	0.6825	0.111538287030437	0.3175	0.1	10.2650571518578
10	20	R	0.7575	0.111538287030437	0.2425	0.1	20.0099404512905
10	30	R	0.795	0.0723660286685898	0.205	0.1	29.7455806557555
10	40	R	0.8125	0.062565754884046	0.1875	0.1	40.276115161879
10	50	R	0.8675	0.0782623792124926	0.1325	0.1	50.2580735824537
10	60	R	0.9075	0.0674244216258393	0.0925	0.1	60.0662752549164
10	70	R	0.92	0.0833508753466491	0.08	0.1	69.7905013598502
10	80	R	0.94	0.0575828921962436	0.0600000000000001	0.1	79.7847125548869
10	90	R	0.94	0.0552506251453082	0.0600000000000001	0.1	89.7041810522787
10	100	R	0.9525	0.052503132738613	0.0475	0.1	99.844404499745
20	10	R	0.65375	0.107994578323953	0.34625	0.1	10.0583468734752
20	20	R	0.7325	0.0928708781050335	0.2675	0.1	20.1199880681932
20	30	R	0.7775	0.0682969522322228	0.2225	0.1	29.9446165298112
20	40	R	0.81375	0.0620245070410415	0.18625	0.1	39.9265936611686
20	50	R	0.86	0.0727287679272138	0.14	0.1	50.1906367531978
20	60	R	0.89	0.0694906279178786	0.11	0.1	59.833339003427
20	70	R	0.90625	0.0747253743981746	0.09375	0.1	69.8405499597546
20	80	R	0.92	0.0646854738431728	0.0800000000000001	0.1	80.1017238661181
20	90	R	0.9275	0.059548741645638	0.0725	0.1	89.9742480680812
20	100	R	0.945	0.0582643702626679	0.055	0.1	100.202133310121
30	10	R	0.6625	0.101721296797781	0.3375	0.1	9.91565161631443
30	20	R	0.7375	0.0863277787280372	0.2625	0.1	19.9595065478701
30	30	R	0.79	0.065427072029749	0.21	0.1	29.8817674341146
30	40	R	0.8175	0.0691373326086125	0.1825	0.1	39.9251328716055
30	50	R	0.863333333333333	0.064572367490087	0.136666666666667	0.1	49.8990353960078
30	60	R	0.8875	0.0650854139658887	0.1125	0.1	60.0916985069867
30	70	R	0.9	0.0729495539869889	0.1	0.1	70.1967659321614
30	80	R	0.918333333333333	0.0618666742286745	0.0816666666666667	0.1	79.9631070830859
30	90	R	0.929166666666667	0.0545783947143064	0.0708333333333334	0.1	89.8001427099109
30	100	R	0.9425	0.0499926895240489	0.0575000000000001	0.1	100.128084918903
40	10	R	0.673125	0.100678210024236	0.326875	0.1	9.70240113642067
40	20	R	0.740625	0.0820055959258751	0.259375	0.1	20.2021294080652
40	30	R	0.790625	0.0674823319957079	0.209375	0.1	29.7433750854805
40	40	R	0.81625	0.0735719304311666	0.18375	0.1	39.8162707275245
40	50	R	0.861875	0.0627593304029893	0.138125	0.1	50.2257858257741
40	60	R	0.884375	0.0604091041848913	0.115625	0.1	59.8294530311599
40	70	R	0.896875	0.0727598564493245	0.103125	0.1	70.2784307348542
40	80	R	0.91375	0.0610893435448184	0.08625	0.1	80.2562211751472
40	90	R	0.92875	0.0547271942408314	0.07125	0.1	90.2192404809874
40	100	R	0.943125	0.0475510459788658	0.056875	0.1	99.9378192317206
50	10	R	0.67	0.104730229889137	0.33	0.1	10.2685349026695
50	20	R	0.738	0.0787801738350055	0.262	0.1	19.887794154929
50	30	R	0.793	0.070120197555791	0.207	0.1	30.1653634665068
50	40	R	0.823	0.0714584899747657	0.177	0.1	39.984431496216
50	50	R	0.8665	0.0607215387087473	0.1335	0.1	49.8018803851679
50	60	R	0.889	0.0581196587811913	0.111	0.1	59.9904756321106
50	70	R	0.8995	0.0669229722182623	0.1005	0.1	69.7780867034569
50	80	R	0.916	0.0588843648267741	0.084	0.1	79.7882010633126
50	90	R	0.931	0.0519007149327089	0.0690000000000001	0.1	89.98484183033
50	100	R	0.944	0.0460434577328853	0.056	0.1	99.7787372930907
