Num.of.Individuals	Num.of.Markers	Type	accuracy	SD	misclassification	FST	jittered_x
10	10	T	1	0	0	0.01	9.93514461084269
10	20	T	0.95	0	0.05	0.01	19.7756100745872
10	30	T	1	0	0	0.01	29.9067678503226
10	40	T	1	0	0	0.01	40.1772976793349
10	50	T	1	0	0	0.01	49.8176093032118
10	60	T	1	0	0	0.01	59.9908296491951
10	70	T	1	0	0	0.01	70.2886101374403
10	80	T	1	0	0	0.01	79.756559321424
10	90	T	1	0	0	0.01	90.2116528107785
10	100	T	1	0	0	0.01	100.248291399376
20	10	T	0.925	0	0.075	0.01	10.0536310627591
20	20	T	0.925	0	0.075	0.01	20.2758325720206
20	30	T	0.95	0	0.05	0.01	29.8096323612146
20	40	T	0.975	0	0.025	0.01	39.8168488983531
20	50	T	1	0	0	0.01	50.2737485588994
20	60	T	1	0	0	0.01	59.8668044894468
20	70	T	1	0	0	0.01	70.0235371613875
20	80	T	1	0	0	0.01	80.0334023507312
20	90	T	1	0	0	0.01	90.1722216180526
20	100	T	1	0	0	0.01	99.8186757183634
30	10	T	0.95	0	0.05	0.01	10.0888611908536
30	20	T	0.95	0	0.05	0.01	19.9535032575484
30	30	T	0.966666666666667	0	0.033333333333333	0.01	30.1065126875415
30	40	T	0.983333333333333	0	0.0166666666666671	0.01	40.2101600096095
30	50	T	1	0	0	0.01	50.1146371888928
30	60	T	1	0	0	0.01	59.8977739620488
30	70	T	1	0	0	0.01	69.7530837624799
30	80	T	1	0	0	0.01	79.8939095759764
30	90	T	1	0	0	0.01	89.878301096661
30	100	T	1	0	0	0.01	99.9130371508189
40	10	T	0.925	0	0.075	0.01	9.78673518747091
40	20	T	0.95	0	0.05	0.01	20.0182431567926
40	30	T	0.975	0	0.025	0.01	30.2755417947192
40	40	T	0.9875	0	0.0125	0.01	40.2577757526189
40	50	T	1	0	0	0.01	49.913590483414
40	60	T	1	0	0	0.01	59.9415134569164
40	70	T	1	0	0	0.01	70.1676322725136
40	80	T	1	0	0	0.01	79.9591047713999
40	90	T	1	0	0	0.01	89.8186266653705
40	100	T	1	0	0	0.01	100.119034514111
50	10	T	0.92	0	0.08	0.01	10.2845589285251
50	20	T	0.96	0	0.04	0.01	19.7743804886471
50	30	T	0.98	0	0.02	0.01	29.9289019851945
50	40	T	0.99	0	0.01	0.01	40.2337407724001
50	50	T	1	0	0	0.01	49.9992111686151
50	60	T	1	0	0	0.01	60.2411712556612
50	70	T	1	0	0	0.01	69.9197425713763
50	80	T	1	0	0	0.01	80.2438457579352
50	90	T	1	0	0	0.01	90.2431075318716
50	100	T	1	0	0	0.01	100.035888721189
10	10	R	0.63	0.112857618729367	0.37	0.01	9.79257547492161
10	20	R	0.6975	0.105724318767951	0.3025	0.01	20.0681997407228
10	30	R	0.7	0.140487871737254	0.3	0.01	30.120797105832
10	40	R	0.7525	0.132262697132002	0.2475	0.01	40.1770920670591
10	50	R	0.78	0.105630936457281	0.22	0.01	50.0386385566555
10	60	R	0.7925	0.102949911172989	0.2075	0.01	60.164826424839
10	70	R	0.8325	0.0847209040257915	0.1675	0.01	69.7394441226497
10	80	R	0.85	0.0873589088036728	0.15	0.01	79.7860781351104
10	90	R	0.87	0.0732695097065046	0.13	0.01	89.7064861783292
10	100	R	0.89	0.0660940318987394	0.11	0.01	99.8343895535916
20	10	R	0.63125	0.0561219302290253	0.36875	0.01	10.2517816272099
20	20	R	0.69375	0.061705476170869	0.30625	0.01	19.7897488693241
20	30	R	0.72625	0.0745490830894229	0.27375	0.01	30.1954801135696
20	40	R	0.76375	0.0713935534462616	0.23625	0.01	40.1127124157269
20	50	R	0.79125	0.0603035086698505	0.20875	0.01	50.2121990173589
20	60	R	0.79875	0.0503115294937453	0.20125	0.01	59.9197350543458
20	70	R	0.82625	0.0417345937537371	0.17375	0.01	70.1238058072981
20	80	R	0.84	0.0496036925620409	0.16	0.01	80.198344095191
20	90	R	0.86625	0.0453603989121975	0.13375	0.01	90.253174605919
20	100	R	0.88625	0.0425154770580513	0.11375	0.01	100.141273959354
30	10	R	0.626666666666667	0.0481833729298872	0.373333333333333	0.01	9.75975640490651
30	20	R	0.690833333333333	0.0496993887262819	0.309166666666667	0.01	19.7697150899097
30	30	R	0.73	0.0606012757281811	0.27	0.01	29.8097010672558
30	40	R	0.766666666666667	0.0425777582439003	0.233333333333333	0.01	40.1057794621214
30	50	R	0.794166666666667	0.038340960339643	0.205833333333333	0.01	50.2978391709272
30	60	R	0.803333333333333	0.0431236492287819	0.196666666666667	0.01	60.295677377237
30	70	R	0.826666666666667	0.0409678236314722	0.173333333333333	0.01	70.0305954081006
30	80	R	0.849166666666667	0.0380346871539728	0.150833333333333	0.01	79.9019924171735
30	90	R	0.865833333333333	0.0402750049458944	0.134166666666667	0.01	89.7859434943646
30	100	R	0.8825	0.0364647550735379	0.1175	0.01	99.8312799287029
40	10	R	0.6275	0.0494376268379503	0.3725	0.01	10.0743714159355
40	20	R	0.689375	0.0421999859690673	0.310625	0.01	19.7130429078359
40	30	R	0.72875	0.0580805928271905	0.27125	0.01	30.0652170756832
40	40	R	0.76	0.0359550157543386	0.24	0.01	39.8335317866411
40	50	R	0.798125	0.0312236731208533	0.201875	0.01	49.9309515714645
40	60	R	0.806875	0.0430106703407177	0.193125	0.01	60.0917176974937
40	70	R	0.830625	0.0372745415447115	0.169375	0.01	69.8989743596874
40	80	R	0.853125	0.0362454625109348	0.146875	0.01	80.1833218996879
40	90	R	0.864375	0.0367859652155833	0.135625	0.01	90.2245048248209
40	100	R	0.87875	0.0339552724376611	0.12125	0.01	99.910033084685
50	10	R	0.627	0.0431765043318214	0.373	0.01	10.027155904891
50	20	R	0.6895	0.0439467380982216	0.3105	0.01	19.8675512295682
50	30	R	0.7315	0.0514295634824952	0.2685	0.01	30.0480600203387
50	40	R	0.762	0.0437216073282813	0.238	0.01	39.7173320309259
50	50	R	0.796	0.0356001182730147	0.204	0.01	49.7675788079388
50	60	R	0.8065	0.0442808025411036	0.1935	0.01	60.2757515994832
50	70	R	0.8345	0.0356112046235008	0.1655	0.01	70.0116563601419
50	80	R	0.8565	0.0337599887752538	0.1435	0.01	79.907729217317
50	90	R	0.868	0.0293078038826019	0.132	0.01	90.0993587428238
50	100	R	0.886	0.0262377791101225	0.114	0.01	100.083160074428
10	10	T	0.95	0	0.05	0.02	9.75494028697722
10	20	T	1	0	0	0.02	19.8338023356162
10	30	T	1	0	0	0.02	29.9159038175829
10	40	T	1	0	0	0.02	40.1461929951794
10	50	T	1	0	0	0.02	50.1133087857626
10	60	T	1	0	0	0.02	60.2498692282476
10	70	T	1	0	0	0.02	70.0546267030761
10	80	T	1	0	0	0.02	79.9214969358407
10	90	T	1	0	0	0.02	90.2151526367292
10	100	T	1	0	0	0.02	99.7993345906492
20	10	T	0.975	0	0.025	0.02	9.8531172464136
20	20	T	1	0	0	0.02	19.7455040450208
20	30	T	1	0	0	0.02	30.1876231307164
20	40	T	1	0	0	0.02	40.2497305979952
20	50	T	1	0	0	0.02	50.1970196233131
20	60	T	1	0	0	0.02	60.0821247747168
20	70	T	1	0	0	0.02	70.0629038488027
20	80	T	1	0	0	0.02	79.7456109900027
20	90	T	1	0	0	0.02	89.8802657618187
20	100	T	1	0	0	0.02	100.061445163656
30	10	T	0.933333333333333	0	0.066666666666667	0.02	9.83954136548564
30	20	T	0.983333333333333	0	0.0166666666666671	0.02	19.9207161746919
30	30	T	1	0	0	0.02	30.1901743956842
30	40	T	1	0	0	0.02	40.012639859831
30	50	T	1	0	0	0.02	49.707234112313
30	60	T	1	0	0	0.02	60.0891855619848
30	70	T	1	0	0	0.02	70.2659144388046
30	80	T	1	0	0	0.02	79.7265769542661
30	90	T	1	0	0	0.02	89.9483271519653
30	100	T	1	0	0	0.02	100.051861608215
40	10	T	0.9125	0	0.0875	0.02	10.2755232248921
40	20	T	0.9875	0	0.0125	0.02	19.9575905427337
40	30	T	1	0	0	0.02	29.7282265889458
40	40	T	1	0	0	0.02	40.2090224300046
40	50	T	1	0	0	0.02	49.7650988807902
40	60	T	1	0	0	0.02	60.2795579753816
40	70	T	1	0	0	0.02	69.841356394114
40	80	T	1	0	0	0.02	79.8166771780234
40	90	T	1	0	0	0.02	90.175738145085
40	100	T	1	0	0	0.02	99.8843531594612
50	10	T	0.93	0	0.07	0.02	9.72334684454836
50	20	T	0.99	0	0.01	0.02	19.968980588438
50	30	T	1	0	0	0.02	29.7756099330727
50	40	T	1	0	0	0.02	39.8607889675535
50	50	T	1	0	0	0.02	49.9714964116458
50	60	T	1	0	0	0.02	59.8537751316559
50	70	T	1	0	0	0.02	69.7049862121698
50	80	T	1	0	0	0.02	80.0246379124466
50	90	T	1	0	0	0.02	89.7861005860381
50	100	T	1	0	0	0.02	99.8689888282213
10	10	R	0.67	0.105630936457281	0.33	0.02	10.1676717866212
10	20	R	0.7125	0.10987433012789	0.2875	0.02	19.7052564971149
10	30	R	0.7825	0.09634778013448	0.2175	0.02	29.713657387672
10	40	R	0.8025	0.0865645484747167	0.1975	0.02	40.0485197903588
10	50	R	0.825	0.059603956067927	0.175	0.02	50.2160152355675
10	60	R	0.875	0.0786397515657049	0.125	0.02	60.0392110245768
10	70	R	0.89	0.0575828921962436	0.11	0.02	70.2551869682968
10	80	R	0.9	0.0512989176042577	0.1	0.02	80.0869646198582
10	90	R	0.9125	0.0509772911258171	0.0875	0.02	89.8484660520684
10	100	R	0.9275	0.0472256620694166	0.0725	0.02	100.079360650061
20	10	R	0.67875	0.0867069322791618	0.32125	0.02	9.77604829794727
20	20	R	0.715	0.0718184846459608	0.285	0.02	19.8753563151695
20	30	R	0.78625	0.0641108209931916	0.21375	0.02	29.971965432493
20	40	R	0.81625	0.0608465498740804	0.18375	0.02	40.283269414492
20	50	R	0.83625	0.04403572114593	0.16375	0.02	49.8686320284847
20	60	R	0.87	0.0565452776193789	0.13	0.02	60.1043881515507
20	70	R	0.8875	0.0576399897731829	0.1125	0.02	69.9124850702006
20	80	R	0.89625	0.0501805949074257	0.10375	0.02	79.8667421012651
20	90	R	0.91625	0.0399629762866107	0.08375	0.02	89.9539253488183
20	100	R	0.93	0.0320361637758594	0.07	0.02	100.197028237535
30	10	R	0.671666666666667	0.0616773343072758	0.328333333333333	0.02	10.0094095193315
30	20	R	0.715	0.0584647642171827	0.285	0.02	19.9909109455533
30	30	R	0.791666666666667	0.0552770798392567	0.208333333333333	0.02	30.2819832106121
30	40	R	0.818333333333333	0.052953692668703	0.181666666666667	0.02	39.7126542937476
30	50	R	0.840833333333333	0.0457155584096023	0.159166666666667	0.02	49.9517112825066
30	60	R	0.871666666666667	0.0462323144627738	0.128333333333333	0.02	59.9113565686159
30	70	R	0.890833333333333	0.0479018855920605	0.109166666666667	0.02	69.9056482668035
30	80	R	0.903333333333333	0.0406813318394804	0.0966666666666667	0.02	80.070086844638
30	90	R	0.919166666666667	0.0321159267114933	0.0808333333333333	0.02	90.0707856757566
30	100	R	0.93	0.0245425993180541	0.0700000000000001	0.02	99.8787075116765
40	10	R	0.669375	0.059254552345657	0.330625	0.02	10.1042415056843
40	20	R	0.716875	0.0576792115702739	0.283125	0.02	20.2953523572069
40	30	R	0.78875	0.0530174995936049	0.21125	0.02	30.0949093608186
40	40	R	0.829375	0.0506982494766831	0.170625	0.02	39.8535068395082
40	50	R	0.848125	0.0446615562342285	0.151875	0.02	50.039243469527
40	60	R	0.875625	0.0461467553173112	0.124375	0.02	59.7895790187176
40	70	R	0.891875	0.0395856416686125	0.108125	0.02	69.7629232505336
40	80	R	0.900625	0.0345256864713186	0.099375	0.02	80.0646321399603
40	90	R	0.916875	0.0296012424170267	0.083125	0.02	90.2451991343871
40	100	R	0.92875	0.0247021733542021	0.07125	0.02	100.159635649389
50	10	R	0.6675	0.0556185315576704	0.3325	0.02	10.1680853927508
50	20	R	0.7255	0.0596899885813535	0.2745	0.02	20.1926433696412
50	30	R	0.793	0.0497467269486673	0.207	0.02	29.8243774613366
50	40	R	0.8335	0.0442808025411036	0.1665	0.02	40.2952203447465
50	50	R	0.8545	0.0351650244898027	0.1455	0.02	50.2343112837058
50	60	R	0.8785	0.041074386948047	0.1215	0.02	60.0261069282889
50	70	R	0.894	0.0316892809371843	0.106	0.02	69.9936056191567
50	80	R	0.906	0.0303315017762062	0.094	0.02	79.8147948203608
50	90	R	0.922	0.0252565780905115	0.078	0.02	90.1948298913427
50	100	R	0.932	0.0190843005194267	0.0679999999999999	0.02	100.002055947715
10	10	T	0.95	0	0.05	0.03	10.1569314813241
10	20	T	1	0	0	0.03	19.7221311861184
10	30	T	1	0	0	0.03	30.1457662737463
10	40	T	1	0	0	0.03	39.9402448008303
10	50	T	1	0	0	0.03	50.0332126093097
10	60	T	1	0	0	0.03	59.8209981068037
10	70	T	1	0	0	0.03	70.0434383758344
10	80	T	1	0	0	0.03	79.7803323809989
10	90	T	1	0	0	0.03	89.968105845619
10	100	T	1	0	0	0.03	100.262238971191
20	10	T	0.95	0	0.05	0.03	9.89517683382146
20	20	T	0.975	0	0.025	0.03	20.0151201950386
20	30	T	1	0	0	0.03	29.7065782909747
20	40	T	1	0	0	0.03	40.1329863682389
20	50	T	1	0	0	0.03	50.1973282252904
20	60	T	1	0	0	0.03	59.7859573708847
20	70	T	1	0	0	0.03	70.2769698096439
20	80	T	1	0	0	0.03	79.8188939709682
20	90	T	1	0	0	0.03	89.7080772448797
20	100	T	1	0	0	0.03	99.7842172229662
30	10	T	0.966666666666667	0	0.033333333333333	0.03	9.93430328569375
30	20	T	0.983333333333333	0	0.0166666666666671	0.03	20.2785120599903
30	30	T	1	0	0	0.03	30.0795871445909
30	40	T	1	0	0	0.03	40.0037549931556
30	50	T	1	0	0	0.03	49.7281642094255
30	60	T	1	0	0	0.03	59.755292451242
30	70	T	1	0	0	0.03	69.7664939224254
30	80	T	1	0	0	0.03	80.0566565696616
30	90	T	1	0	0	0.03	90.0787598830182
30	100	T	1	0	0	0.03	99.907439537067
40	10	T	0.975	0	0.025	0.03	10.1962729347404
40	20	T	0.9875	0	0.0125	0.03	19.8547881803475
40	30	T	1	0	0	0.03	30.1193929041736
40	40	T	1	0	0	0.03	40.2935918129049
40	50	T	1	0	0	0.03	49.9258315556217
40	60	T	1	0	0	0.03	59.7895556788892
40	70	T	1	0	0	0.03	70.0525958317798
40	80	T	1	0	0	0.03	80.2736501506064
40	90	T	1	0	0	0.03	89.8052002262324
40	100	T	1	0	0	0.03	99.7909816793632
50	10	T	0.98	0	0.02	0.03	10.0749575107358
50	20	T	0.99	0	0.01	0.03	19.8713862147182
50	30	T	1	0	0	0.03	30.1209203241393
50	40	T	1	0	0	0.03	39.9377509885002
50	50	T	1	0	0	0.03	50.0280709332321
50	60	T	1	0	0	0.03	60.2615738082211
50	70	T	1	0	0	0.03	69.9195466063917
50	80	T	1	0	0	0.03	80.2938591278624
50	90	T	1	0	0	0.03	90.1624179440551
50	100	T	1	0	0	0.03	100.251854463713
10	10	R	0.6925	0.126984250992003	0.3075	0.03	10.2797729051206
10	20	R	0.755	0.0901752679362164	0.245	0.03	19.7454731349368
10	30	R	0.8275	0.089552983434977	0.1725	0.03	29.850396905886
10	40	R	0.875	0.0734488722997519	0.125	0.03	39.9749221016187
10	50	R	0.905	0.0646854738431728	0.095	0.03	50.1889257385395
10	60	R	0.91	0.0575828921962436	0.09	0.03	59.7586421936285
10	70	R	0.91	0.0619847179807886	0.09	0.03	70.0626787006855
10	80	R	0.935	0.05871429486124	0.0650000000000001	0.03	80.2551362034399
10	90	R	0.9475	0.059548741645638	0.0525	0.03	89.8701356606092
10	100	R	0.96	0.0552506251453082	0.04	0.03	99.9731365099549
20	10	R	0.7025	0.0942072184070839	0.2975	0.03	9.75832442701794
20	20	R	0.77	0.0641749254197586	0.23	0.03	20.1953434509691
20	30	R	0.83	0.074604218873226	0.17	0.03	29.7134994047228
20	40	R	0.88375	0.0613847872462156	0.11625	0.03	40.1394489692524
20	50	R	0.9025	0.0472256620694166	0.0975	0.03	50.1044357310049
20	60	R	0.92125	0.0453603989121975	0.07875	0.03	60.1590879773721
20	70	R	0.92375	0.0534808130867609	0.07625	0.03	69.9546861453913
20	80	R	0.94	0.0454509567961359	0.0600000000000001	0.03	79.9440688190982
20	90	R	0.95375	0.0431300054303388	0.04625	0.03	89.701308548497
20	100	R	0.96125	0.0384528077135159	0.0387500000000001	0.03	100.017679682653
30	10	R	0.690833333333333	0.0612909369105125	0.309166666666667	0.03	10.0201582224574
30	20	R	0.758333333333333	0.0528431420415055	0.241666666666667	0.03	19.7237652143929
30	30	R	0.821666666666667	0.0551711849530423	0.178333333333333	0.03	30.0782541027758
30	40	R	0.868333333333333	0.0529536926687031	0.131666666666667	0.03	39.7327088868245
30	50	R	0.895	0.0394034462826206	0.105	0.03	50.198005682556
30	60	R	0.915833333333333	0.0387958368779992	0.0841666666666667	0.03	59.8968094989192
30	70	R	0.923333333333333	0.0437296318502041	0.0766666666666668	0.03	70.0777237622999
30	80	R	0.944166666666667	0.033013819541243	0.0558333333333334	0.03	79.8986325277947
30	90	R	0.954166666666667	0.0332784636116344	0.0458333333333333	0.03	90.254847066896
30	100	R	0.960833333333333	0.0297528808374695	0.0391666666666667	0.03	99.7193636776879
40	10	R	0.69375	0.0550866542248139	0.30625	0.03	9.87322842390276
40	20	R	0.766875	0.0492167266710265	0.233125	0.03	20.0805786738638
40	30	R	0.824375	0.0567014051157929	0.175625	0.03	30.0226607240271
40	40	R	0.866875	0.0442917584706348	0.133125	0.03	39.9381412209943
40	50	R	0.89875	0.0319075556140416	0.10125	0.03	50.0240555774886
40	60	R	0.916875	0.0317460627480007	0.083125	0.03	60.0399887361098
40	70	R	0.930625	0.0342866688072017	0.069375	0.03	70.2797303645872
40	80	R	0.946875	0.0283525154365349	0.053125	0.03	80.0447589409072
40	90	R	0.956875	0.0267404065433804	0.043125	0.03	90.2357603802346
40	100	R	0.963125	0.028236256554482	0.036875	0.03	100.090169908805
50	10	R	0.698	0.0503252578627012	0.302	0.03	10.0939834876917
50	20	R	0.766	0.0529547970094853	0.234	0.03	20.0206645533908
50	30	R	0.822	0.0547338055837908	0.178	0.03	29.8664291478228
50	40	R	0.8635	0.0382890667368499	0.1365	0.03	40.2541916139424
50	50	R	0.896	0.0274149402218648	0.104	0.03	49.8852405023761
50	60	R	0.917	0.0265766022936282	0.083	0.03	59.8476765273605
50	70	R	0.9305	0.0326826849376981	0.0695	0.03	70.2318442737684
50	80	R	0.9455	0.0239462116551153	0.0545	0.03	79.7623268771451
50	90	R	0.9565	0.0215882521659107	0.0435	0.03	89.7636751529295
50	100	R	0.9615	0.0249789384966826	0.0385	0.03	99.8442218428478
10	10	T	1	0	0	0.04	10.0406303263735
10	20	T	1	0	0	0.04	20.1631633229554
10	30	T	1	0	0	0.04	29.8211324105971
10	40	T	1	0	0	0.04	40.0208628933877
10	50	T	1	0	0	0.04	49.7802680733614
10	60	T	1	0	0	0.04	60.0352285662666
10	70	T	1	0	0	0.04	70.2007580791134
10	80	T	1	0	0	0.04	79.9837813390885
10	90	T	1	0	0	0.04	90.0456287206616
10	100	T	1	0	0	0.04	100.287991478387
20	10	T	0.95	0	0.05	0.04	9.91418038806878
20	20	T	0.975	0	0.025	0.04	19.740853962535
20	30	T	1	0	0	0.04	30.2518510096706
20	40	T	1	0	0	0.04	39.9086590339895
20	50	T	1	0	0	0.04	49.9635967227165
20	60	T	1	0	0	0.04	60.2308706518728
20	70	T	1	0	0	0.04	70.2174755477812
20	80	T	1	0	0	0.04	79.7109558167402
20	90	T	1	0	0	0.04	90.1766243554652
20	100	T	1	0	0	0.04	100.184815648431
30	10	T	0.95	0	0.05	0.04	9.85042217536829
30	20	T	0.983333333333333	0	0.0166666666666671	0.04	20.1402946641669
30	30	T	1	0	0	0.04	30.0168463429436
30	40	T	1	0	0	0.04	40.1176249467768
30	50	T	1	0	0	0.04	49.7962553500198
30	60	T	1	0	0	0.04	59.713705680985
30	70	T	1	0	0	0.04	69.8258841624949
30	80	T	1	0	0	0.04	80.2121900473256
30	90	T	1	0	0	0.04	90.2297872119583
30	100	T	1	0	0	0.04	99.974082018109
40	10	T	0.95	0	0.05	0.04	10.0310322019272
40	20	T	0.9875	0	0.0125	0.04	20.043329683505
40	30	T	1	0	0	0.04	30.1279766579624
40	40	T	1	0	0	0.04	40.209870708501
40	50	T	1	0	0	0.04	50.2711735002231
40	60	T	1	0	0	0.04	59.7467434889171
40	70	T	1	0	0	0.04	70.2599618717097
40	80	T	1	0	0	0.04	79.9912935945205
40	90	T	1	0	0	0.04	89.7550788254477
40	100	T	1	0	0	0.04	99.7608190824278
50	10	T	0.96	0	0.04	0.04	9.74760608216748
50	20	T	0.99	0	0.01	0.04	19.9175906431861
50	30	T	1	0	0	0.04	30.1948426448274
50	40	T	1	0	0	0.04	40.1624181368388
50	50	T	1	0	0	0.04	50.2718918071128
50	60	T	1	0	0	0.04	60.2704732837155
50	70	T	1	0	0	0.04	69.9607923438307
50	80	T	1	0	0	0.04	79.8953893972095
50	90	T	1	0	0	0.04	90.080631519109
50	100	T	1	0	0	0.04	99.8279596045613
10	10	R	0.7025	0.117512597309037	0.2975	0.04	9.7441703802906
10	20	R	0.79	0.100786381703294	0.21	0.04	20.1810360672418
10	30	R	0.865	0.0690156351469494	0.135	0.04	30.0712469183374
10	40	R	0.8975	0.0751752338837312	0.1025	0.04	39.8260059597902
10	50	R	0.915	0.0650910293762755	0.085	0.04	50.0242720796727
10	60	R	0.9275	0.0549521322798785	0.0725	0.04	60.0232678217813
10	70	R	0.97	0.0376968517462526	0.03	0.04	69.993680886412
10	80	R	0.9625	0.0358175199705689	0.0375	0.04	80.1899759310763
10	90	R	0.97	0.0410391340834062	0.03	0.04	90.2135326959193
10	100	R	0.98	0.029912152080806	0.02	0.04	99.7121175617911
20	10	R	0.70375	0.0816261535745035	0.29625	0.04	10.0229140543379
20	20	R	0.79125	0.0603035086698505	0.20875	0.04	19.9865559243597
20	30	R	0.84625	0.0356102808927865	0.15375	0.04	30.0020708046388
20	40	R	0.885	0.0482591687497936	0.115	0.04	40.0479008644819
20	50	R	0.90125	0.0455052050232776	0.09875	0.04	50.1920586037915
20	60	R	0.91625	0.0346742358470803	0.08375	0.04	59.9002716634423
20	70	R	0.9425	0.0363643839636069	0.0575	0.04	69.8534888487309
20	80	R	0.95	0.0314140431218771	0.05	0.04	80.1500785533804
20	90	R	0.9625	0.0308860384060671	0.0375	0.04	89.9904414473567
20	100	R	0.97	0.0320361637758594	0.03	0.04	100.182672755513
30	10	R	0.7025	0.063355259362494	0.2975	0.04	9.90417516310699
30	20	R	0.7875	0.0537687815683508	0.2125	0.04	20.0697632113937
30	30	R	0.8525	0.0351583718495483	0.1475	0.04	30.2426020078361
30	40	R	0.8825	0.039170865769679	0.1175	0.04	39.8267872698139
30	50	R	0.9025	0.0379577327258124	0.0975	0.04	49.892191581009
30	60	R	0.915833333333333	0.0344017373422295	0.0841666666666666	0.04	59.7029316379689
30	70	R	0.9375	0.0314721635103689	0.0625000000000001	0.04	69.9243875586428
30	80	R	0.950833333333333	0.0278230625024914	0.0491666666666666	0.04	80.2449296123348
30	90	R	0.959166666666667	0.025635205142344	0.0408333333333333	0.04	89.914230741933
30	100	R	0.966666666666667	0.0241825416703337	0.0333333333333334	0.04	99.9643103145063
40	10	R	0.711875	0.0613009991761961	0.288125	0.04	10.0089708679356
40	20	R	0.791875	0.050372787923222	0.208125	0.04	19.8619946562685
40	30	R	0.84625	0.0295525847119655	0.15375	0.04	30.0927137109451
40	40	R	0.875625	0.0363813410099767	0.124375	0.04	39.7542187124025
40	50	R	0.89625	0.0332207528670353	0.10375	0.04	49.8846742770169
40	60	R	0.915625	0.0329161114765527	0.084375	0.04	59.7798072684556
40	70	R	0.936875	0.0267404065433804	0.063125	0.04	70.2609740137588
40	80	R	0.948125	0.0260550404255865	0.051875	0.04	80.1741451449692
40	90	R	0.95625	0.02612596006798	0.04375	0.04	89.75849966635
40	100	R	0.965	0.0220644987539522	0.035	0.04	99.9633694828954
50	10	R	0.7035	0.0622621791087368	0.2965	0.04	9.82357902037911
50	20	R	0.7895	0.0446595307208946	0.2105	0.04	20.1297784656752
50	30	R	0.841	0.0286356421265527	0.159	0.04	29.8977014186326
50	40	R	0.877	0.0326222397501427	0.123	0.04	40.1979839412961
50	50	R	0.896	0.033466401061363	0.104	0.04	49.9811724889092
50	60	R	0.9165	0.0326504614298014	0.0835	0.04	60.2209571833257
50	70	R	0.937	0.0249420380714547	0.0629999999999999	0.04	70.1800544016529
50	80	R	0.9495	0.0264525394264003	0.0505	0.04	80.1546465848573
50	90	R	0.959	0.0261372893532754	0.041	0.04	90.1304179108702
50	100	R	0.967	0.0186660400897346	0.033	0.04	100.036188040348
10	10	T	1	0	0	0.05	10.1853984410409
10	20	T	1	0	0	0.05	19.9520270004403
10	30	T	1	0	0	0.05	29.7556777194142
10	40	T	1	0	0	0.05	40.1657737433445
10	50	T	1	0	0	0.05	49.8647577896249
10	60	T	1	0	0	0.05	60.1809675120749
10	70	T	1	0	0	0.05	70.253629685007
10	80	T	1	0	0	0.05	79.9194987131748
10	90	T	1	0	0	0.05	90.2674806443509
10	100	T	1	0	0	0.05	99.8293688929174
20	10	T	1	0	0	0.05	10.0484452985693
20	20	T	1	0	0	0.05	20.1328340824693
20	30	T	1	0	0	0.05	29.7818554422352
20	40	T	1	0	0	0.05	39.8798105159309
20	50	T	1	0	0	0.05	50.2743982413318
20	60	T	1	0	0	0.05	60.1108811482787
20	70	T	1	0	0	0.05	69.8112684957217
20	80	T	1	0	0	0.05	80.0070088905748
20	90	T	1	0	0	0.05	89.7877554696053
20	100	T	1	0	0	0.05	100.163913538773
30	10	T	1	0	0	0.05	10.1448191524949
30	20	T	1	0	0	0.05	20.2404595112428
30	30	T	1	0	0	0.05	29.8297718573827
30	40	T	1	0	0	0.05	39.8424536838662
30	50	T	1	0	0	0.05	50.2071132027544
30	60	T	1	0	0	0.05	60.0324394337833
30	70	T	1	0	0	0.05	69.9006395194679
30	80	T	1	0	0	0.05	79.7388141280506
30	90	T	1	0	0	0.05	89.8912007449195
30	100	T	1	0	0	0.05	100.020828940114
40	10	T	1	0	0	0.05	9.72470555244945
40	20	T	1	0	0	0.05	19.7681830186863
40	30	T	1	0	0	0.05	29.9915864895098
40	40	T	1	0	0	0.05	40.0789574244991
40	50	T	1	0	0	0.05	50.1325542578008
40	60	T	1	0	0	0.05	59.9862909700256
40	70	T	1	0	0	0.05	69.9082267832942
40	80	T	1	0	0	0.05	80.1539483297151
40	90	T	1	0	0	0.05	90.1138822929002
40	100	T	1	0	0	0.05	100.04331102916
50	10	T	1	0	0	0.05	10.2367790262215
50	20	T	1	0	0	0.05	20.1474307769444
50	30	T	1	0	0	0.05	29.826447750628
50	40	T	1	0	0	0.05	39.9600325607695
50	50	T	1	0	0	0.05	49.8900789699517
50	60	T	1	0	0	0.05	60.0992280911654
50	70	T	1	0	0	0.05	69.7493646007031
50	80	T	1	0	0	0.05	79.7961285333615
50	90	T	1	0	0	0.05	89.8484812920447
50	100	T	1	0	0	0.05	99.9517042623833
10	10	R	0.7	0.0827170191868511	0.3	0.05	10.0819184631109
10	20	R	0.79	0.085224162622679	0.21	0.05	20.2200847636908
10	30	R	0.8375	0.0723205583350594	0.1625	0.05	30.1986590155866
10	40	R	0.8975	0.059548741645638	0.1025	0.05	39.7490946386009
10	50	R	0.9225	0.0549521322798785	0.0775	0.05	49.7247494314332
10	60	R	0.94	0.0475726591093754	0.0600000000000001	0.05	60.1398546528071
10	70	R	0.955	0.0359092423229804	0.045	0.05	69.7698221583851
10	80	R	0.965	0.0400657354593016	0.035	0.05	79.8335220632143
10	90	R	0.9825	0.02935714743062	0.0175	0.05	89.8964977889322
10	100	R	0.9825	0.02935714743062	0.0175	0.05	100.094317133259
20	10	R	0.7075	0.0628804211851436	0.2925	0.05	10.0301614959724
20	20	R	0.7925	0.0748243557307801	0.2075	0.05	20.2762288607191
20	30	R	0.845	0.0631414452262787	0.155	0.05	30.1100088613573
20	40	R	0.88625	0.0496534039751132	0.11375	0.05	39.951093707094
20	50	R	0.91125	0.0489864374355962	0.08875	0.05	50.0978173970245
20	60	R	0.92375	0.0417345937537371	0.07625	0.05	59.9985280551016
20	70	R	0.9425	0.0345078175734747	0.0575	0.05	70.2890231351834
20	80	R	0.95375	0.0356102808927865	0.04625	0.05	79.7544127608649
20	90	R	0.9725	0.025520889276702	0.0275	0.05	89.7208660568576
20	100	R	0.975	0.0243332131696144	0.025	0.05	100.292052611616
30	10	R	0.705833333333333	0.062892045257927	0.294166666666667	0.05	10.1584243886638
30	20	R	0.7975	0.0472256620694166	0.2025	0.05	19.9770032556728
30	30	R	0.844166666666667	0.048145430272668	0.155833333333333	0.05	29.9904413844924
30	40	R	0.885	0.0489360484929592	0.115	0.05	40.1993950197473
30	50	R	0.9175	0.0413496713606943	0.0825	0.05	49.8755663764197
30	60	R	0.93	0.0388429135084453	0.07	0.05	59.8739541156683
30	70	R	0.946666666666667	0.0313441563987751	0.0533333333333333	0.05	70.0282060049474
30	80	R	0.956666666666667	0.0303006378640906	0.0433333333333334	0.05	79.9741201352328
30	90	R	0.973333333333333	0.0238170414197126	0.0266666666666668	0.05	89.7401278439909
30	100	R	0.978333333333333	0.0203046965442576	0.0216666666666667	0.05	100.188822003407
40	10	R	0.7075	0.0600712296493001	0.2925	0.05	9.91252895058133
40	20	R	0.803125	0.0512788750492422	0.196875	0.05	19.7320302805398
40	30	R	0.846875	0.0472735251933947	0.153125	0.05	29.7790306407027
40	40	R	0.88375	0.0491874770112967	0.11625	0.05	39.7597996344324
40	50	R	0.911875	0.0439562806122533	0.088125	0.05	50.2567392962053
40	60	R	0.923125	0.0393773495539598	0.076875	0.05	60.1696395529434
40	70	R	0.9425	0.0301858279748347	0.0575	0.05	70.2140135286841
40	80	R	0.95375	0.0301039864469807	0.04625	0.05	79.995989126619
40	90	R	0.969375	0.0248267019875566	0.030625	0.05	90.2274224826135
40	100	R	0.975625	0.0216411371186792	0.024375	0.05	100.29498131955
50	10	R	0.714	0.0565126907032953	0.286	0.05	10.2974568872713
50	20	R	0.805	0.0503147984927737	0.195	0.05	19.9437412824016
50	30	R	0.85	0.0393366040864311	0.15	0.05	29.884206132777
50	40	R	0.88	0.0477934150936694	0.12	0.05	39.8459364944138
50	50	R	0.9105	0.0380408367830926	0.0895	0.05	50.0349038327578
50	60	R	0.9245	0.0337911542457957	0.0755	0.05	60.2596553332172
50	70	R	0.9445	0.0239462116551153	0.0555	0.05	70.2415436094161
50	80	R	0.9535	0.0249789384966826	0.0465	0.05	79.7690579526126
50	90	R	0.9665	0.0232322371308762	0.0335	0.05	90.0895718302578
50	100	R	0.9765	0.0178517285024817	0.0235	0.05	99.9495819347445
10	10	T	0.95	0	0.05	0.06	9.90424393941648
10	20	T	1	0	0	0.06	19.9012650655117
10	30	T	1	0	0	0.06	30.2529437927529
10	40	T	1	0	0	0.06	40.1974863406736
10	50	T	1	0	0	0.06	50.0014620742295
10	60	T	1	0	0	0.06	59.9287397772074
10	70	T	1	0	0	0.06	70.1284127294086
10	80	T	1	0	0	0.06	80.0709507542662
10	90	T	1	0	0	0.06	89.7788035824895
10	100	T	1	0	0	0.06	99.8367887086701
20	10	T	0.975	0	0.025	0.06	9.84221650953405
20	20	T	1	0	0	0.06	20.2624455188867
20	30	T	1	0	0	0.06	29.8794113525189
20	40	T	1	0	0	0.06	39.7848962578457
20	50	T	1	0	0	0.06	49.8763697572518
20	60	T	1	0	0	0.06	60.0403151914012
20	70	T	1	0	0	0.06	70.2357995980419
20	80	T	1	0	0	0.06	79.7235758069903
20	90	T	1	0	0	0.06	90.2230666436255
20	100	T	1	0	0	0.06	100.039042194886
30	10	T	0.983333333333333	0	0.0166666666666671	0.06	10.2814664559439
30	20	T	1	0	0	0.06	20.2419570487458
30	30	T	1	0	0	0.06	30.1960322925355
30	40	T	1	0	0	0.06	39.9015924794134
30	50	T	1	0	0	0.06	50.2818282726686
30	60	T	1	0	0	0.06	59.9387521308381
30	70	T	1	0	0	0.06	69.963011439424
30	80	T	1	0	0	0.06	79.7034540615976
30	90	T	1	0	0	0.06	89.9483722257894
30	100	T	1	0	0	0.06	100.145509637753
40	10	T	0.9875	0	0.0125	0.06	10.0232848254498
40	20	T	1	0	0	0.06	19.938944012858
40	30	T	1	0	0	0.06	29.7915272339713
40	40	T	1	0	0	0.06	39.9973442114424
40	50	T	1	0	0	0.06	50.2351872540545
40	60	T	1	0	0	0.06	60.1877170379274
40	70	T	1	0	0	0.06	70.0599805777892
40	80	T	1	0	0	0.06	80.0291930313222
40	90	T	1	0	0	0.06	89.7622891771607
40	100	T	1	0	0	0.06	100.176100027747
50	10	T	0.98	0	0.02	0.06	10.2588011352811
50	20	T	1	0	0	0.06	20.133639422711
50	30	T	1	0	0	0.06	30.2427058851812
50	40	T	1	0	0	0.06	39.8419809260871
50	50	T	1	0	0	0.06	50.0582125273533
50	60	T	1	0	0	0.06	60.0434611227829
50	70	T	1	0	0	0.06	70.2099324761424
50	80	T	1	0	0	0.06	79.8525083610788
50	90	T	1	0	0	0.06	89.7289154356811
50	100	T	1	0	0	0.06	100.121016483288
10	10	R	0.7425	0.134041431144098	0.2575	0.06	10.1271844384726
10	20	R	0.805	0.105006265477226	0.195	0.06	19.8580885720439
10	30	R	0.8925	0.0712205617855731	0.1075	0.06	30.112268482754
10	40	R	0.9	0.0743391941675028	0.1	0.06	39.8359085391276
10	50	R	0.92	0.0732695097065046	0.0800000000000001	0.06	49.8224975854158
10	60	R	0.97	0.0410391340834062	0.03	0.06	60.1923298931681
10	70	R	0.98	0.029912152080806	0.02	0.06	69.7800317092799
10	80	R	0.985	0.0235081172990814	0.015	0.06	79.8588873306755
10	90	R	0.9925	0.0183173774266262	0.00750000000000006	0.06	90.0702021338046
10	100	R	0.995	0.0153896752812773	0.005	0.06	99.8872472024988
20	10	R	0.71125	0.0961341579033669	0.28875	0.06	9.87414746494033
20	20	R	0.79375	0.0906391776568819	0.20625	0.06	20.0361882623285
20	30	R	0.8725	0.0751752338837312	0.1275	0.06	30.1608125588391
20	40	R	0.8925	0.0644307053311826	0.1075	0.06	39.8595802721102
20	50	R	0.9225	0.055547514037889	0.0775	0.06	49.9285765726119
20	60	R	0.95625	0.0333196243739489	0.04375	0.06	59.9463131790049
20	70	R	0.96875	0.0241636416739565	0.03125	0.06	70.0565585209522
20	80	R	0.98	0.0223606797749979	0.02	0.06	79.7230306862853
20	90	R	0.98875	0.0171583185288315	0.01125	0.06	89.9097813350614
20	100	R	0.99125	0.01467857371531	0.00875000000000004	0.06	100.062255366379
30	10	R	0.704166666666667	0.0868343519487684	0.295833333333333	0.06	10.203235270828
30	20	R	0.794166666666667	0.0772848834920145	0.205833333333333	0.06	20.1981802565046
30	30	R	0.87	0.0634302121458339	0.13	0.06	30.2507297532633
30	40	R	0.895833333333333	0.0577033652621154	0.104166666666667	0.06	39.9085359770339
30	50	R	0.924166666666667	0.0479018855920605	0.0758333333333334	0.06	50.2961711991578
30	60	R	0.9575	0.0272925455195309	0.0425	0.06	60.2547507839743
30	70	R	0.970833333333333	0.0241068527783531	0.0291666666666667	0.06	69.7575629411731
30	80	R	0.978333333333333	0.0144084120978435	0.0216666666666667	0.06	79.8606857011095
30	90	R	0.986666666666667	0.0167541563316678	0.0133333333333334	0.06	89.8490321722347
30	100	R	0.990833333333333	0.0137596324580316	0.00916666666666677	0.06	99.7118256104644
40	10	R	0.70875	0.0714165873405361	0.29125	0.06	10.2502039453015
40	20	R	0.806875	0.067555410979666	0.193125	0.06	19.8209366360214
40	30	R	0.8675	0.0473647659408508	0.1325	0.06	30.0626972709317
40	40	R	0.89875	0.0479686026699263	0.10125	0.06	40.1993424716406
40	50	R	0.92375	0.0392989553898935	0.07625	0.06	49.8134530176409
40	60	R	0.956875	0.0208672968768686	0.043125	0.06	59.9705328710843
40	70	R	0.97	0.0196180636417724	0.03	0.06	70.2978962574154
40	80	R	0.974375	0.0143241377071233	0.025625	0.06	79.8035940451548
40	90	R	0.984375	0.0161586501194936	0.015625	0.06	90.1184998672921
40	100	R	0.99	0.0111803398874989	0.01	0.06	99.7522280598525
50	10	R	0.706	0.07170113410246	0.294	0.06	9.72025863877498
50	20	R	0.811	0.0660063792770302	0.189	0.06	20.116527924547
50	30	R	0.871	0.0390546176257653	0.129	0.06	29.9364352111705
50	40	R	0.9025	0.0398516987685198	0.0975	0.06	40.1771606332622
50	50	R	0.9265	0.0334467369189629	0.0735	0.06	50.0895510607399
50	60	R	0.955	0.0198679853559757	0.045	0.06	60.0758025228046
50	70	R	0.973	0.018093325317714	0.027	0.06	69.9444870612584
50	80	R	0.976	0.0156944509134179	0.024	0.06	79.7943256956525
50	90	R	0.985	0.0160591013709393	0.015	0.06	89.9807731563225
50	100	R	0.9905	0.00998683343734456	0.00950000000000006	0.06	100.179569132766
10	10	T	0.95	0	0.05	0.07	9.92882394450717
10	20	T	1	0	0	0.07	20.0576163263526
10	30	T	1	0	0	0.07	29.7404714056291
10	40	T	1	0	0	0.07	40.2748645904474
10	50	T	1	0	0	0.07	49.8662385737989
10	60	T	1	0	0	0.07	59.9384164941497
10	70	T	1	0	0	0.07	70.0773069079034
10	80	T	1	0	0	0.07	80.2138538002037
10	90	T	1	0	0	0.07	89.9215421405621
10	100	T	1	0	0	0.07	100.030523688346
20	10	T	0.975	0	0.025	0.07	10.2244761405513
20	20	T	1	0	0	0.07	19.726594940573
20	30	T	1	0	0	0.07	29.8946555807255
20	40	T	1	0	0	0.07	40.1764276784379
20	50	T	1	0	0	0.07	49.9848881569691
20	60	T	1	0	0	0.07	59.991239081556
20	70	T	1	0	0	0.07	70.1382346418686
20	80	T	1	0	0	0.07	79.7236486408394
20	90	T	1	0	0	0.07	90.056881238753
20	100	T	1	0	0	0.07	100.156925280252
30	10	T	0.983333333333333	0	0.0166666666666671	0.07	10.0461680036504
30	20	T	1	0	0	0.07	20.2023182935547
30	30	T	1	0	0	0.07	30.093375065038
30	40	T	1	0	0	0.07	40.1260276949033
30	50	T	1	0	0	0.07	49.8121521466877
30	60	T	1	0	0	0.07	60.0758665490896
30	70	T	1	0	0	0.07	69.8374602629803
30	80	T	1	0	0	0.07	79.7350415101275
30	90	T	1	0	0	0.07	89.7505874830764
30	100	T	1	0	0	0.07	99.7474828247447
40	10	T	0.9875	0	0.0125	0.07	9.81843502181582
40	20	T	1	0	0	0.07	20.2201726170722
40	30	T	1	0	0	0.07	30.1621640879195
40	40	T	1	0	0	0.07	40.0252047524787
40	50	T	1	0	0	0.07	49.7805027227849
40	60	T	1	0	0	0.07	59.9756589754019
40	70	T	1	0	0	0.07	70.1754137210082
40	80	T	1	0	0	0.07	79.9625392138958
40	90	T	1	0	0	0.07	90.0280474686529
40	100	T	1	0	0	0.07	100.262761682458
50	10	T	0.98	0	0.02	0.07	9.94646783350036
50	20	T	1	0	0	0.07	19.7742743554525
50	30	T	1	0	0	0.07	30.0537797869183
50	40	T	1	0	0	0.07	39.9025074557867
50	50	T	1	0	0	0.07	49.9414115370251
50	60	T	1	0	0	0.07	60.2459265240468
50	70	T	1	0	0	0.07	70.1912572812755
50	80	T	1	0	0	0.07	79.9429489701521
50	90	T	1	0	0	0.07	90.038846688671
50	100	T	1	0	0	0.07	100.185352959577
10	10	R	0.705	0.121286958556101	0.295	0.07	9.75111922891811
10	20	R	0.8175	0.0949722951291863	0.1825	0.07	20.0463410526514
10	30	R	0.865	0.0630371653116343	0.135	0.07	29.8577187221032
10	40	R	0.9125	0.0809076796823327	0.0875	0.07	40.2707401090302
10	50	R	0.9275	0.0617188020486123	0.0725	0.07	50.1766582321841
10	60	R	0.9625	0.035817519970569	0.0375	0.07	59.7988700968679
10	70	R	0.9725	0.0379577327258124	0.0275	0.07	70.0807900864165
10	80	R	0.98	0.029912152080806	0.02	0.07	79.7279566466808
10	90	R	0.9875	0.022213082915966	0.0125	0.07	90.2540468844585
10	100	R	0.9875	0.022213082915966	0.0125	0.07	100.276321822032
20	10	R	0.725	0.0835085876453812	0.275	0.07	10.0150356301572
20	20	R	0.82	0.0719100315086772	0.18	0.07	20.141434468748
20	30	R	0.88	0.0402296041818905	0.12	0.07	30.1016450860072
20	40	R	0.9125	0.0401477534273483	0.0875	0.07	39.9253975793719
20	50	R	0.935	0.0296913951738281	0.0650000000000001	0.07	50.1371330189519
20	60	R	0.96125	0.0329223568255277	0.0387500000000001	0.07	60.190634646127
20	70	R	0.97125	0.0306454684552562	0.0287500000000001	0.07	70.1734716385137
20	80	R	0.98375	0.0218773494978855	0.01625	0.07	80.2289642775431
20	90	R	0.98625	0.0189788663629062	0.01375	0.07	89.8046694468241
20	100	R	0.9875	0.0172061800402921	0.0125	0.07	99.9404847001191
30	10	R	0.716666666666667	0.0805681579172283	0.283333333333333	0.07	10.1484623351134
30	20	R	0.815833333333333	0.0771334000515262	0.184166666666667	0.07	19.8025981380139
30	30	R	0.8825	0.0356538753911739	0.1175	0.07	29.7639839034062
30	40	R	0.919166666666667	0.0316574317097288	0.0808333333333332	0.07	39.7786782911979
30	50	R	0.938333333333333	0.0286642185817194	0.0616666666666665	0.07	49.7561046776362
30	60	R	0.960833333333333	0.0249414519102601	0.0391666666666668	0.07	59.759438399272
30	70	R	0.974166666666667	0.0212717037426943	0.0258333333333334	0.07	69.7318127876148
30	80	R	0.985	0.0178525474454599	0.015	0.07	80.0383192093577
30	90	R	0.99	0.0125656172487508	0.01	0.07	89.7422955941409
30	100	R	0.990833333333333	0.011438879019221	0.00916666666666677	0.07	99.9475090068299
40	10	R	0.715	0.0735160204524014	0.285	0.07	10.2999870375264
40	20	R	0.819375	0.0643125335660492	0.180625	0.07	20.2869136166293
40	30	R	0.885	0.035262175948622	0.115	0.07	30.2476099229883
40	40	R	0.921875	0.0321578651261816	0.078125	0.07	39.9470345617738
40	50	R	0.94125	0.0218773494978855	0.05875	0.07	49.9433816553094
40	60	R	0.958125	0.0199814881433053	0.041875	0.07	59.8833965742029
40	70	R	0.969375	0.0204694091396483	0.030625	0.07	69.7017687656917
40	80	R	0.981875	0.0154297005121531	0.0181249999999999	0.07	79.8428731693421
40	90	R	0.988125	0.0124835417966807	0.011875	0.07	89.9503246854991
40	100	R	0.990625	0.0113808183500041	0.00937500000000002	0.07	99.8564299194142
50	10	R	0.717	0.0685258307040798	0.283	0.07	9.803804799309
50	20	R	0.823	0.0652202745358092	0.177	0.07	19.8749372983817
50	30	R	0.8855	0.0388621043935443	0.1145	0.07	30.2912270366214
50	40	R	0.9195	0.0318673236370655	0.0805	0.07	39.724853288522
50	50	R	0.9395	0.0198613615900453	0.0605	0.07	50.2205875053536
50	60	R	0.954	0.0213738650052618	0.046	0.07	59.8104897381272
50	70	R	0.9655	0.0216369566884265	0.0345	0.07	70.2546589053236
50	80	R	0.9795	0.0160509058606475	0.0205	0.07	80.122849036241
50	90	R	0.986	0.0135335839575791	0.014	0.07	89.825670257723
50	100	R	0.9885	0.0122581873821025	0.0115000000000001	0.07	99.8393804448191
10	10	T	1	0	0	0.08	9.85263632507995
10	20	T	1	0	0	0.08	19.7608706614468
10	30	T	1	0	0	0.08	29.9082181618083
10	40	T	1	0	0	0.08	40.1969980111346
10	50	T	1	0	0	0.08	49.8051377890166
10	60	T	1	0	0	0.08	59.8873646241613
10	70	T	1	0	0	0.08	70.2899795621634
10	80	T	1	0	0	0.08	79.9955591496546
10	90	T	1	0	0	0.08	90.1596966899
10	100	T	1	0	0	0.08	100.05888153133
20	10	T	1	0	0	0.08	10.2794676000252
20	20	T	1	0	0	0.08	19.7124611563981
20	30	T	1	0	0	0.08	29.7352698792703
20	40	T	1	0	0	0.08	39.8356642005034
20	50	T	1	0	0	0.08	50.0256747086067
20	60	T	1	0	0	0.08	60.0987854925916
20	70	T	1	0	0	0.08	70.1351124400739
20	80	T	1	0	0	0.08	80.2562851297669
20	90	T	1	0	0	0.08	89.755239668861
20	100	T	1	0	0	0.08	100.203087189142
30	10	T	1	0	0	0.08	9.88950806832872
30	20	T	1	0	0	0.08	19.8954240829218
30	30	T	1	0	0	0.08	30.2522256368771
30	40	T	1	0	0	0.08	40.0881406135857
30	50	T	1	0	0	0.08	49.8113961986266
30	60	T	1	0	0	0.08	60.1597336919513
30	70	T	1	0	0	0.08	69.9184122486506
30	80	T	1	0	0	0.08	80.1056857710239
30	90	T	1	0	0	0.08	89.9067301156931
30	100	T	1	0	0	0.08	99.9134783700108
40	10	T	1	0	0	0.08	9.84396198387258
40	20	T	1	0	0	0.08	20.1693075412884
40	30	T	1	0	0	0.08	30.0613719223067
40	40	T	1	0	0	0.08	40.2966479400173
40	50	T	1	0	0	0.08	49.9258129463997
40	60	T	1	0	0	0.08	59.8685745034833
40	70	T	1	0	0	0.08	69.7442086941097
40	80	T	1	0	0	0.08	79.7953146810178
40	90	T	1	0	0	0.08	90.0036289738957
40	100	T	1	0	0	0.08	100.148669200763
50	10	T	1	0	0	0.08	10.2653428405058
50	20	T	1	0	0	0.08	19.9756030111108
50	30	T	1	0	0	0.08	29.9714423032477
50	40	T	1	0	0	0.08	40.1647687729914
50	50	T	1	0	0	0.08	49.9152862069663
50	60	T	1	0	0	0.08	60.141305772448
50	70	T	1	0	0	0.08	69.9348900334444
50	80	T	1	0	0	0.08	79.9277441357728
50	90	T	1	0	0	0.08	90.030059562251
50	100	T	1	0	0	0.08	99.720007054694
10	10	R	0.78	0.0879593207412561	0.22	0.08	10.2650571518578
10	20	R	0.85	0.0903210647459501	0.15	0.08	20.0099404512905
10	30	R	0.8975	0.0715891053163818	0.1025	0.08	29.7455806557555
10	40	R	0.945	0.0455954753064496	0.055	0.08	40.276115161879
10	50	R	0.9725	0.030240265941465	0.0275	0.08	50.2580735824537
10	60	R	0.985	0.028562028528874	0.015	0.08	60.0662752549164
10	70	R	0.9825	0.02935714743062	0.0175	0.08	69.7905013598502
10	80	R	0.9925	0.0244680242464796	0.00749999999999995	0.08	79.7847125548869
10	90	R	0.99	0.0261574181890298	0.01	0.08	89.7041810522787
10	100	R	0.9925	0.0183173774266262	0.00750000000000006	0.08	99.844404499745
20	10	R	0.7825	0.0721383903925022	0.2175	0.08	10.0583468734752
20	20	R	0.86	0.0581513451896723	0.14	0.08	20.1199880681932
20	30	R	0.89375	0.0518569642077331	0.10625	0.08	29.9446165298112
20	40	R	0.935	0.0318301412930706	0.0650000000000001	0.08	39.9265936611686
20	50	R	0.95875	0.0317006973192439	0.04125	0.08	50.1906367531978
20	60	R	0.9725	0.0267788211681899	0.0275	0.08	59.833339003427
20	70	R	0.98	0.0251312344975017	0.02	0.08	69.8405499597546
20	80	R	0.98625	0.0206394486870474	0.01375	0.08	80.1017238661181
20	90	R	0.98875	0.0171583185288315	0.01125	0.08	89.9742480680812
20	100	R	0.9925	0.014281014264437	0.00750000000000006	0.08	100.202133310121
30	10	R	0.779166666666667	0.0687981622901582	0.220833333333333	0.08	9.91565161631443
30	20	R	0.859166666666667	0.0665514355010579	0.140833333333333	0.08	19.9595065478701
30	30	R	0.8925	0.0563185904096595	0.1075	0.08	29.8817674341146
30	40	R	0.931666666666667	0.0337257601928377	0.0683333333333332	0.08	39.9251328716055
30	50	R	0.951666666666667	0.0258764495878946	0.0483333333333333	0.08	49.8990353960078
30	60	R	0.970833333333333	0.0215448668259915	0.0291666666666667	0.08	60.0916985069867
30	70	R	0.975833333333333	0.0175010442462043	0.0241666666666667	0.08	70.1967659321614
30	80	R	0.98	0.0149071198499985	0.0200000000000001	0.08	79.9631070830859
30	90	R	0.984166666666667	0.0137596324580315	0.0158333333333334	0.08	89.8001427099109
30	100	R	0.990833333333333	0.0126525775752708	0.00916666666666677	0.08	100.128084918903
40	10	R	0.786875	0.0644402773279667	0.213125	0.08	9.70240113642067
40	20	R	0.8625	0.0560486161151286	0.1375	0.08	20.2021294080652
40	30	R	0.8975	0.0467003324681054	0.1025	0.08	29.7433750854805
40	40	R	0.93625	0.0252943201446283	0.06375	0.08	39.8162707275245
40	50	R	0.955	0.0223606797749979	0.045	0.08	50.2257858257741
40	60	R	0.971875	0.0193967407734284	0.028125	0.08	59.8294530311599
40	70	R	0.978125	0.013374046940958	0.021875	0.08	70.2784307348542
40	80	R	0.98125	0.0137529901055045	0.0187499999999999	0.08	80.2562211751472
40	90	R	0.985625	0.0101590962610906	0.014375	0.08	90.2192404809874
40	100	R	0.99125	0.0100164338648254	0.00875000000000004	0.08	99.9378192317206
50	10	R	0.792	0.0603149627940041	0.208	0.08	10.2685349026695
50	20	R	0.866	0.0494602445351181	0.134	0.08	19.887794154929
50	30	R	0.8985	0.0412023249216275	0.1015	0.08	30.1653634665068
50	40	R	0.935	0.0206474160483505	0.0649999999999999	0.08	39.984431496216
50	50	R	0.953	0.0240831891575846	0.047	0.08	49.8018803851679
50	60	R	0.9715	0.0178517285024817	0.0285	0.08	59.9904756321106
50	70	R	0.9785	0.0134848843251679	0.0215000000000001	0.08	69.7780867034569
50	80	R	0.983	0.011742858972248	0.017	0.08	79.7882010633126
50	90	R	0.9865	0.00988086934168085	0.0135000000000001	0.08	89.98484183033
50	100	R	0.9915	0.00988086934168085	0.00849999999999995	0.08	99.7787372930907
10	10	T	1	0	0	0.09	10.1736532075796
10	20	T	1	0	0	0.09	19.9425564266276
10	30	T	1	0	0	0.09	29.9396680206992
10	40	T	1	0	0	0.09	40.0483828433324
10	50	T	1	0	0	0.09	49.9373022208456
10	60	T	1	0	0	0.09	59.8659384114202
10	70	T	1	0	0	0.09	70.2723704311065
10	80	T	1	0	0	0.09	80.2518879614305
10	90	T	1	0	0	0.09	90.2492721401621
10	100	T	1	0	0	0.09	100.150693949638
20	10	T	1	0	0	0.09	10.2911571751349
20	20	T	1	0	0	0.09	20.1848184502218
20	30	T	1	0	0	0.09	29.889109603269
20	40	T	1	0	0	0.09	39.8754902670626
20	50	T	1	0	0	0.09	50.2586967576761
20	60	T	1	0	0	0.09	60.2558147830423
20	70	T	1	0	0	0.09	70.061758918548
20	80	T	1	0	0	0.09	79.8820765380282
20	90	T	1	0	0	0.09	90.2661451160442
20	100	T	1	0	0	0.09	99.7893971374258
30	10	T	1	0	0	0.09	10.022615918424
30	20	T	1	0	0	0.09	19.9680480194278
30	30	T	1	0	0	0.09	29.8204000374768
30	40	T	1	0	0	0.09	40.0188616001513
30	50	T	1	0	0	0.09	49.8620898095891
30	60	T	1	0	0	0.09	60.2414667683188
30	70	T	1	0	0	0.09	70.2684145821258
30	80	T	1	0	0	0.09	80.243981831288
30	90	T	1	0	0	0.09	89.942897596769
30	100	T	1	0	0	0.09	99.752866623411
40	10	T	1	0	0	0.09	9.9896966396831
40	20	T	1	0	0	0.09	19.9779792641755
40	30	T	1	0	0	0.09	29.9769204945769
40	40	T	1	0	0	0.09	39.7009343472309
40	50	T	1	0	0	0.09	49.7623599529732
40	60	T	1	0	0	0.09	60.1949807041325
40	70	T	1	0	0	0.09	69.7884587414563
40	80	T	1	0	0	0.09	79.8675487985369
40	90	T	1	0	0	0.09	89.9329643743113
40	100	T	1	0	0	0.09	99.9588260996621
50	10	T	1	0	0	0.09	10.1083201259375
50	20	T	1	0	0	0.09	19.7735221201554
50	30	T	1	0	0	0.09	29.8298535208683
50	40	T	1	0	0	0.09	40.2141587330028
50	50	T	1	0	0	0.09	50.0317571238149
50	60	T	1	0	0	0.09	59.9086103169713
50	70	T	1	0	0	0.09	69.8123901613057
50	80	T	1	0	0	0.09	80.1118644238915
50	90	T	1	0	0	0.09	90.0581609265413
50	100	T	1	0	0	0.09	99.7789367576595
10	10	R	0.815	0.112507309704046	0.185	0.09	9.83815026166849
10	20	R	0.8825	0.100361189814851	0.1175	0.09	20.0364945930894
10	30	R	0.915	0.0708965146496898	0.085	0.09	29.958628089074
10	40	R	0.95	0.0486664263392288	0.05	0.09	40.2519723899662
10	50	R	0.9675	0.043754698995771	0.0325	0.09	50.0034452295862
10	60	R	0.98	0.0376968517462526	0.02	0.09	60.1091903812252
10	70	R	0.9775	0.034316637057663	0.0225	0.09	69.9172374135815
10	80	R	0.9925	0.0183173774266262	0.00750000000000006	0.09	79.8365096204914
10	90	R	0.995	0.0153896752812773	0.005	0.09	89.9390183048788
10	100	R	0.9975	0.011180339887499	0.00249999999999995	0.09	99.8198116500862
20	10	R	0.78625	0.0813031202871148	0.21375	0.09	9.87576775932684
20	20	R	0.86875	0.0781677514606954	0.13125	0.09	20.2829002976883
20	30	R	0.91375	0.0455052050232776	0.0862499999999999	0.09	30.1827753444202
20	40	R	0.94	0.0307793505625546	0.0600000000000001	0.09	40.1844730811659
20	50	R	0.9575	0.0325455146881377	0.0425	0.09	49.9820094051771
20	60	R	0.9775	0.0279802561968633	0.0225	0.09	59.7789563689381
20	70	R	0.98375	0.0233325501121682	0.01625	0.09	70.2082082915585
20	80	R	0.9925	0.014281014264437	0.00750000000000006	0.09	79.8018411735073
20	90	R	0.995	0.0130787090945149	0.005	0.09	90.1232646209188
20	100	R	0.9975	0.00769483764063866	0.00249999999999995	0.09	99.7173063567374
30	10	R	0.778333333333333	0.0679912275043175	0.221666666666667	0.09	9.74893367784098
30	20	R	0.864166666666667	0.0612432118210015	0.135833333333333	0.09	20.1396808411926
30	30	R	0.915	0.0407890020723539	0.085	0.09	30.2675377885345
30	40	R	0.940833333333333	0.0322068424679349	0.0591666666666667	0.09	39.8092886672821
30	50	R	0.958333333333333	0.0298632360185073	0.0416666666666667	0.09	50.0582982114982
30	60	R	0.978333333333333	0.0188096031215611	0.0216666666666667	0.09	59.9602725016885
30	70	R	0.985833333333333	0.0164681155694681	0.0141666666666668	0.09	69.8489492703229
30	80	R	0.993333333333333	0.00997071736026872	0.00666666666666682	0.09	80.2557001124602
30	90	R	0.995833333333333	0.00916866007033637	0.00416666666666665	0.09	90.0500999097247
30	100	R	0.9975	0.0061057924755422	0.00250000000000006	0.09	100.102605452901
40	10	R	0.778125	0.0617554333855053	0.221875	0.09	9.91409443807788
40	20	R	0.8625	0.0478140587121227	0.1375	0.09	20.1587809411343
40	30	R	0.9125	0.036724436149876	0.0875	0.09	30.2440044842195
40	40	R	0.935	0.0335900204478088	0.0649999999999999	0.09	40.0631741366815
40	50	R	0.958125	0.0263687788871612	0.041875	0.09	49.9794638447929
40	60	R	0.975625	0.0204694091396483	0.024375	0.09	59.91913102814
40	70	R	0.98375	0.0157592913279086	0.01625	0.09	69.7413655796554
40	80	R	0.99125	0.012888693535523	0.00875000000000004	0.09	79.9379063163418
40	90	R	0.993125	0.0118064155173542	0.00687499999999996	0.09	89.9219714828767
40	100	R	0.99625	0.00821183356664733	0.00375000000000003	0.09	100.081092230137
50	10	R	0.7795	0.065169818652179	0.2205	0.09	9.92204470341094
50	20	R	0.8615	0.0500815125044846	0.1385	0.09	20.0498736413661
50	30	R	0.91	0.0290190500044005	0.09	0.09	29.9158797489479
50	40	R	0.9385	0.0304829546848036	0.0615	0.09	39.8784040795174
50	50	R	0.9605	0.0243818310266175	0.0395	0.09	49.740536984941
50	60	R	0.9765	0.0189944590258373	0.0235000000000001	0.09	60.0628816378769
50	70	R	0.984	0.0142902248518276	0.016	0.09	70.1720404258929
50	80	R	0.9915	0.0122581873821025	0.00849999999999995	0.09	80.0975010937545
50	90	R	0.993	0.00978720969859187	0.00700000000000001	0.09	89.8884525665548
50	100	R	0.996	0.00680557047378721	0.004	0.09	99.8283389155753
10	10	T	1	0	0	0.1	10.129835441662
10	20	T	1	0	0	0.1	20.151495206356
10	30	T	1	0	0	0.1	30.1330858334899
10	40	T	1	0	0	0.1	40.0005973069929
10	50	T	1	0	0	0.1	49.9838018398266
10	60	T	1	0	0	0.1	60.2419118218124
10	70	T	1	0	0	0.1	69.8606858339626
10	80	T	1	0	0	0.1	80.0754346852191
10	90	T	1	0	0	0.1	89.9257446372416
10	100	T	1	0	0	0.1	100.034053632291
20	10	T	1	0	0	0.1	9.8167259210255
20	20	T	1	0	0	0.1	19.8086826224346
20	30	T	1	0	0	0.1	29.703128045937
20	40	T	1	0	0	0.1	40.0067287916783
20	50	T	1	0	0	0.1	49.9882273693103
20	60	T	1	0	0	0.1	60.1401682480238
20	70	T	1	0	0	0.1	70.0599070955999
20	80	T	1	0	0	0.1	79.7064807261806
20	90	T	1	0	0	0.1	90.140603128681
20	100	T	1	0	0	0.1	99.9902901154477
30	10	T	1	0	0	0.1	10.1344836391974
30	20	T	1	0	0	0.1	20.1551227584016
30	30	T	1	0	0	0.1	30.252183638094
30	40	T	1	0	0	0.1	39.789605905069
30	50	T	1	0	0	0.1	49.8612387334928
30	60	T	1	0	0	0.1	60.0607877222355
30	70	T	1	0	0	0.1	70.2521483434364
30	80	T	1	0	0	0.1	80.2219365265686
30	90	T	1	0	0	0.1	89.9646068179049
30	100	T	1	0	0	0.1	100.0120350766
40	10	T	1	0	0	0.1	10.0534946245141
40	20	T	1	0	0	0.1	20.1614193090238
40	30	T	1	0	0	0.1	30.1638091010973
40	40	T	1	0	0	0.1	40.0763274959289
40	50	T	1	0	0	0.1	49.7234806011431
40	60	T	1	0	0	0.1	59.967162450403
40	70	T	1	0	0	0.1	70.0728825901635
40	80	T	1	0	0	0.1	80.0604843146633
40	90	T	1	0	0	0.1	90.0198295086622
40	100	T	1	0	0	0.1	99.9806030045263
50	10	T	1	0	0	0.1	10.1702440731227
50	20	T	1	0	0	0.1	19.8266657850239
50	30	T	1	0	0	0.1	29.9691010673996
50	40	T	1	0	0	0.1	40.1599678099621
50	50	T	1	0	0	0.1	49.8792289797682
50	60	T	1	0	0	0.1	60.0586082931608
50	70	T	1	0	0	0.1	69.8454795743804
50	80	T	1	0	0	0.1	79.8922674267553
50	90	T	1	0	0	0.1	90.2923584010452
50	100	T	1	0	0	0.1	99.8739439556841
10	10	R	0.7925	0.0949722951291863	0.2075	0.1	9.84060144475661
10	20	R	0.87	0.049736145915484	0.13	0.1	19.9086048198398
10	30	R	0.9125	0.0723205583350594	0.0875	0.1	30.2114220592193
10	40	R	0.9475	0.0572965508284932	0.0525	0.1	40.0388706870377
10	50	R	0.9625	0.0393198757828525	0.0375	0.1	50.0007115858607
10	60	R	0.9775	0.034316637057663	0.0225	0.1	60.1258850875776
10	70	R	0.985	0.028562028528874	0.015	0.1	69.7775458719116
10	80	R	0.99	0.0205195670417031	0.01	0.1	80.2208238507155
10	90	R	0.9925	0.0183173774266262	0.00750000000000006	0.1	90.0555183635093
10	100	R	0.995	0.0153896752812773	0.005	0.1	99.8708409917541
20	10	R	0.80875	0.0847888243628965	0.19125	0.1	10.2149227971211
20	20	R	0.89	0.0454509567961359	0.11	0.1	20.0887505226303
20	30	R	0.93625	0.0417345937537371	0.06375	0.1	29.8732309557963
20	40	R	0.9525	0.0333442964427675	0.0475	0.1	39.9610849488061
20	50	R	0.96875	0.021267407730585	0.03125	0.1	49.8880271242
20	60	R	0.9775	0.0197017231413103	0.0225	0.1	59.9132177558262
20	70	R	0.985	0.0188484258731263	0.015	0.1	70.1377494763583
20	80	R	0.99	0.014956076040403	0.01	0.1	79.8839239265304
20	90	R	0.99	0.014956076040403	0.01	0.1	90.1282763888128
20	100	R	0.9925	0.014281014264437	0.00750000000000006	0.1	100.136764562782
30	10	R	0.81	0.076357117263063	0.19	0.1	9.77159941662103
30	20	R	0.89	0.0364346727735678	0.11	0.1	20.0432998150121
30	30	R	0.934166666666667	0.0312857982092617	0.0658333333333334	0.1	29.9611011272762
30	40	R	0.9525	0.0311921980048582	0.0475000000000001	0.1	39.7053229700774
30	50	R	0.970833333333333	0.0228617763682844	0.0291666666666668	0.1	50.2050912945066
30	60	R	0.978333333333333	0.018015587792486	0.0216666666666667	0.1	59.9580324292649
30	70	R	0.988333333333333	0.0122115849510841	0.0116666666666667	0.1	70.078942730464
30	80	R	0.990833333333333	0.011438879019221	0.00916666666666677	0.1	79.7766660898924
30	90	R	0.991666666666667	0.0114707866935281	0.00833333333333341	0.1	90.085565194767
30	100	R	0.994166666666667	0.0111803398874989	0.00583333333333336	0.1	99.9222260282841
40	10	R	0.80125	0.0755353698955871	0.19875	0.1	9.86780917816795
40	20	R	0.889375	0.0351862992924055	0.110625	0.1	19.7405403434299
40	30	R	0.929375	0.0244259757118049	0.0706249999999999	0.1	29.7147017458454
40	40	R	0.955	0.0264077341143202	0.045	0.1	39.8865769795142
40	50	R	0.97	0.0200328677296508	0.03	0.1	50.205811360199
40	60	R	0.978125	0.0176194233432133	0.021875	0.1	60.1010635850485
40	70	R	0.989375	0.0116662750560841	0.010625	0.1	70.0882930762134
40	80	R	0.9925	0.00942421293656315	0.00749999999999995	0.1	79.8665125624277
40	90	R	0.991875	0.0116662750560841	0.00812499999999994	0.1	89.8950567819178
40	100	R	0.995	0.0102597835208515	0.005	0.1	100.135255069891
50	10	R	0.794	0.076461204473077	0.206	0.1	10.2218727764674
50	20	R	0.887	0.0355557383036239	0.113	0.1	20.1949722365942
50	30	R	0.933	0.0215455453937882	0.0669999999999999	0.1	30.0995183726773
50	40	R	0.956	0.0241486623798678	0.044	0.1	39.7500086201821
50	50	R	0.9705	0.0195945749742385	0.0295000000000001	0.1	50.0210343760904
50	60	R	0.9775	0.0168194749276577	0.0225	0.1	59.874448050186
50	70	R	0.987	0.0121828179265546	0.013	0.1	69.9237020902336
50	80	R	0.992	0.00833508753466491	0.00800000000000001	0.1	80.2958981064148
50	90	R	0.992	0.0100524937990007	0.00800000000000001	0.1	90.2610811685678
50	100	R	0.9955	0.00825577947481897	0.00449999999999995	0.1	99.7029404208064
